3.000000000000000000e+00 1.000000000000000000e+01 5.750770674689047457e-01
7.000000000000000000e+00 1.000000000000000000e+01 4.895211629447613344e-01
3.000000000000000000e+00 2.000000000000000000e+01 6.004537757039932755e-01
7.000000000000000000e+00 2.000000000000000000e+01 5.164360562743607330e-01
3.000000000000000000e+00 3.000000000000000000e+01 6.020181350996729464e-01
7.000000000000000000e+00 3.000000000000000000e+01 5.178763612852792519e-01
3.000000000000000000e+00 4.000000000000000000e+01 6.020966461177691409e-01
7.000000000000000000e+00 4.000000000000000000e+01 5.179171645749597319e-01
3.000000000000000000e+00 5.000000000000000000e+01 6.020998195090211391e-01
7.000000000000000000e+00 5.000000000000000000e+01 5.179155546885371164e-01
3.000000000000000000e+00 6.000000000000000000e+01 6.020999063615914970e-01
7.000000000000000000e+00 6.000000000000000000e+01 5.179152124935789692e-01
3.000000000000000000e+00 7.000000000000000000e+01 6.020999059530275366e-01
7.000000000000000000e+00 7.000000000000000000e+01 5.179151824457984832e-01
3.000000000000000000e+00 8.000000000000000000e+01 6.020999056782043724e-01
7.000000000000000000e+00 8.000000000000000000e+01 5.179151806409401093e-01
3.000000000000000000e+00 9.000000000000000000e+01 6.020999056533054006e-01
7.000000000000000000e+00 9.000000000000000000e+01 5.179151805719333090e-01
