3.000000000000000000e+00 1.000000000000000000e+01 5.568133489428176430e-01
7.000000000000000000e+00 1.000000000000000000e+01 2.087528879538146920e-01
3.000000000000000000e+00 2.000000000000000000e+01 5.990628536884247124e-01
7.000000000000000000e+00 2.000000000000000000e+01 3.336526473513231617e-01
3.000000000000000000e+00 3.000000000000000000e+01 6.020374043285274812e-01
7.000000000000000000e+00 3.000000000000000000e+01 3.328822521634738352e-01
3.000000000000000000e+00 4.000000000000000000e+01 6.022053678389726050e-01
7.000000000000000000e+00 4.000000000000000000e+01 3.323133786007334556e-01
3.000000000000000000e+00 5.000000000000000000e+01 6.022126358189630047e-01
7.000000000000000000e+00 5.000000000000000000e+01 3.322341197702530780e-01
3.000000000000000000e+00 6.000000000000000000e+01 6.022127907547496495e-01
7.000000000000000000e+00 6.000000000000000000e+01 3.322295340077199843e-01
3.000000000000000000e+00 7.000000000000000000e+01 6.022127789774889273e-01
7.000000000000000000e+00 7.000000000000000000e+01 3.322299153714649012e-01
3.000000000000000000e+00 8.000000000000000000e+01 6.022127769792857688e-01
7.000000000000000000e+00 8.000000000000000000e+01 3.322300395680348739e-01
3.000000000000000000e+00 9.000000000000000000e+01 6.022127767959500888e-01
7.000000000000000000e+00 9.000000000000000000e+01 3.322300538614134657e-01
