3.000000000000000000e+00 1.000000000000000000e+01 4.191591479641768037e-01
7.000000000000000000e+00 1.000000000000000000e+01 4.252247241470337447e-02
3.000000000000000000e+00 2.000000000000000000e+01 2.410850646052559443e-01
7.000000000000000000e+00 2.000000000000000000e+01 4.075853071244844167e-03
3.000000000000000000e+00 3.000000000000000000e+01 5.493171486439323292e-01
7.000000000000000000e+00 3.000000000000000000e+01 1.193929909839687789e-02
3.000000000000000000e+00 4.000000000000000000e+01 2.713147064293765509e-01
7.000000000000000000e+00 4.000000000000000000e+01 1.054852547948829933e-02
3.000000000000000000e+00 5.000000000000000000e+01 2.711106605329016705e-01
7.000000000000000000e+00 5.000000000000000000e+01 1.062121618082356028e-02
3.000000000000000000e+00 6.000000000000000000e+01 2.711946339178014087e-01
7.000000000000000000e+00 6.000000000000000000e+01 1.075731680883590217e-02
3.000000000000000000e+00 7.000000000000000000e+01 2.712180083281325871e-01
7.000000000000000000e+00 7.000000000000000000e+01 1.065201003331551349e-02
3.000000000000000000e+00 8.000000000000000000e+01 2.712190409110303846e-01
7.000000000000000000e+00 8.000000000000000000e+01 1.070307165495587402e-02
3.000000000000000000e+00 9.000000000000000000e+01 2.712183217557722625e-01
7.000000000000000000e+00 9.000000000000000000e+01 1.068382331715918808e-02
