3.000000000000000000e+00 1.000000000000000000e+01 5.103609353352677180e-01
7.000000000000000000e+00 1.000000000000000000e+01 7.145838278067806471e-02
3.000000000000000000e+00 2.000000000000000000e+01 5.808474831058508814e-01
7.000000000000000000e+00 2.000000000000000000e+01 2.028285199842195727e-02
3.000000000000000000e+00 3.000000000000000000e+01 5.848410907822345628e-01
7.000000000000000000e+00 3.000000000000000000e+01 2.231310796045633815e-02
3.000000000000000000e+00 4.000000000000000000e+01 5.850489109312715375e-01
7.000000000000000000e+00 4.000000000000000000e+01 2.555327449695336817e-02
3.000000000000000000e+00 5.000000000000000000e+01 5.850548652128195748e-01
7.000000000000000000e+00 5.000000000000000000e+01 2.260900082198194494e-02
3.000000000000000000e+00 6.000000000000000000e+01 5.850545643232205606e-01
7.000000000000000000e+00 6.000000000000000000e+01 2.278851447997739393e-02
3.000000000000000000e+00 7.000000000000000000e+01 5.850544961399322119e-01
7.000000000000000000e+00 7.000000000000000000e+01 2.277616685791518727e-02
3.000000000000000000e+00 8.000000000000000000e+01 5.850544890498055040e-01
7.000000000000000000e+00 8.000000000000000000e+01 2.276354126436877859e-02
3.000000000000000000e+00 9.000000000000000000e+01 5.850544884994558492e-01
7.000000000000000000e+00 9.000000000000000000e+01 2.277015594860038253e-02
