2.000000000000000000e+00 1.000000000000000000e+01 5.796561815747087731e-01
6.000000000000000000e+00 1.000000000000000000e+01 5.221398382402636651e-01
2.000000000000000000e+00 2.000000000000000000e+01 6.046444424835404341e-01
6.000000000000000000e+00 2.000000000000000000e+01 5.496341621710977288e-01
2.000000000000000000e+00 3.000000000000000000e+01 5.948885206853492535e-01
6.000000000000000000e+00 3.000000000000000000e+01 5.512517189376139326e-01
2.000000000000000000e+00 4.000000000000000000e+01 5.949758039883636940e-01
6.000000000000000000e+00 4.000000000000000000e+01 5.513177572729071052e-01
2.000000000000000000e+00 5.000000000000000000e+01 5.949795299174330809e-01
6.000000000000000000e+00 5.000000000000000000e+01 5.513186568566923462e-01
2.000000000000000000e+00 6.000000000000000000e+01 5.949796474520706591e-01
6.000000000000000000e+00 6.000000000000000000e+01 5.513185047931893346e-01
2.000000000000000000e+00 7.000000000000000000e+01 5.949796485199947416e-01
6.000000000000000000e+00 7.000000000000000000e+01 5.513184854235191334e-01
2.000000000000000000e+00 8.000000000000000000e+01 5.949796483025354688e-01
6.000000000000000000e+00 8.000000000000000000e+01 5.513184839525206993e-01
2.000000000000000000e+00 9.000000000000000000e+01 5.949796482789467822e-01
6.000000000000000000e+00 9.000000000000000000e+01 5.513184838700307955e-01
