3.000000000000000000e+00 1.000000000000000000e+01 5.744034248446353574e-01
7.000000000000000000e+00 1.000000000000000000e+01 4.480934361218081863e-01
3.000000000000000000e+00 2.000000000000000000e+01 6.063551939303700733e-01
7.000000000000000000e+00 2.000000000000000000e+01 4.955972932634745143e-01
3.000000000000000000e+00 3.000000000000000000e+01 6.084859009009272457e-01
7.000000000000000000e+00 3.000000000000000000e+01 4.975175180129107200e-01
3.000000000000000000e+00 4.000000000000000000e+01 6.086032501346654300e-01
7.000000000000000000e+00 4.000000000000000000e+01 4.975644998342128589e-01
3.000000000000000000e+00 5.000000000000000000e+01 6.086085501523696983e-01
7.000000000000000000e+00 5.000000000000000000e+01 4.975596198425925043e-01
3.000000000000000000e+00 6.000000000000000000e+01 6.086087201247766254e-01
7.000000000000000000e+00 6.000000000000000000e+01 4.975587499239403910e-01
3.000000000000000000e+00 7.000000000000000000e+01 6.086087205010003442e-01
7.000000000000000000e+00 7.000000000000000000e+01 4.975586687401915564e-01
3.000000000000000000e+00 8.000000000000000000e+01 6.086087199791102575e-01
7.000000000000000000e+00 8.000000000000000000e+01 4.975586634739451730e-01
3.000000000000000000e+00 9.000000000000000000e+01 6.086087199229555100e-01
7.000000000000000000e+00 9.000000000000000000e+01 4.975586632702896361e-01
