3.000000000000000000e+00 1.000000000000000000e+01 5.627282215611114635e-01
7.000000000000000000e+00 1.000000000000000000e+01 1.469713683430098616e-01
3.000000000000000000e+00 2.000000000000000000e+01 6.052037365695205340e-01
7.000000000000000000e+00 2.000000000000000000e+01 1.096176993885400602e-01
3.000000000000000000e+00 3.000000000000000000e+01 6.080568055621433654e-01
7.000000000000000000e+00 3.000000000000000000e+01 7.116991870269893938e-02
3.000000000000000000e+00 4.000000000000000000e+01 6.082103280303324810e-01
7.000000000000000000e+00 4.000000000000000000e+01 7.238414638999092487e-02
3.000000000000000000e+00 5.000000000000000000e+01 6.082166184624098193e-01
7.000000000000000000e+00 5.000000000000000000e+01 7.922111355536669286e-02
3.000000000000000000e+00 6.000000000000000000e+01 6.082167385281630478e-01
7.000000000000000000e+00 6.000000000000000000e+01 7.915714333438972350e-02
3.000000000000000000e+00 7.000000000000000000e+01 6.082167281146168003e-01
7.000000000000000000e+00 7.000000000000000000e+01 7.914711818682300393e-02
3.000000000000000000e+00 8.000000000000000000e+01 6.082167265005771206e-01
7.000000000000000000e+00 8.000000000000000000e+01 7.915077984739185557e-02
3.000000000000000000e+00 9.000000000000000000e+01 6.082167263601637730e-01
7.000000000000000000e+00 9.000000000000000000e+01 7.915109995929764386e-02
