3.000000000000000000e+00 1.000000000000000000e+01 5.106637165235983211e-01
7.000000000000000000e+00 1.000000000000000000e+01 7.125199865886963635e-02
3.000000000000000000e+00 2.000000000000000000e+01 5.809149588760064153e-01
7.000000000000000000e+00 2.000000000000000000e+01 2.015752295292448995e-02
3.000000000000000000e+00 3.000000000000000000e+01 5.848719225524425802e-01
7.000000000000000000e+00 3.000000000000000000e+01 2.222896119256264486e-02
3.000000000000000000e+00 4.000000000000000000e+01 5.850765431264979277e-01
7.000000000000000000e+00 4.000000000000000000e+01 2.543371977791109365e-02
3.000000000000000000e+00 5.000000000000000000e+01 5.850823299962909507e-01
7.000000000000000000e+00 5.000000000000000000e+01 2.250385210052715731e-02
3.000000000000000000e+00 6.000000000000000000e+01 5.850820295218042144e-01
7.000000000000000000e+00 6.000000000000000000e+01 2.268345165127448604e-02
3.000000000000000000e+00 7.000000000000000000e+01 5.850819626606046375e-01
7.000000000000000000e+00 7.000000000000000000e+01 2.266976622680536360e-02
3.000000000000000000e+00 8.000000000000000000e+01 5.850819557615439814e-01
7.000000000000000000e+00 8.000000000000000000e+01 2.265778266561118207e-02
3.000000000000000000e+00 9.000000000000000000e+01 5.850819552298049953e-01
7.000000000000000000e+00 9.000000000000000000e+01 2.266426240974827103e-02
