3.000000000000000000e+00 1.000000000000000000e+01 5.383154576607444008e-01
7.000000000000000000e+00 1.000000000000000000e+01 8.641794710718798955e-02
3.000000000000000000e+00 2.000000000000000000e+01 5.888027295753666124e-01
7.000000000000000000e+00 2.000000000000000000e+01 3.337777273301249792e-02
3.000000000000000000e+00 3.000000000000000000e+01 5.922717453214271233e-01
7.000000000000000000e+00 3.000000000000000000e+01 2.744536965403371678e-02
3.000000000000000000e+00 4.000000000000000000e+01 5.924525928873880520e-01
7.000000000000000000e+00 4.000000000000000000e+01 3.147983722450691663e-02
3.000000000000000000e+00 5.000000000000000000e+01 5.924586296221872050e-01
7.000000000000000000e+00 5.000000000000000000e+01 3.095013693619740394e-02
3.000000000000000000e+00 6.000000000000000000e+01 5.924585421438253174e-01
7.000000000000000000e+00 6.000000000000000000e+01 3.099436683484114649e-02
3.000000000000000000e+00 7.000000000000000000e+01 5.924585047772984447e-01
7.000000000000000000e+00 7.000000000000000000e+01 3.102351208380946593e-02
3.000000000000000000e+00 8.000000000000000000e+01 5.924585007129699044e-01
7.000000000000000000e+00 8.000000000000000000e+01 3.101041219450216893e-02
3.000000000000000000e+00 9.000000000000000000e+01 5.924585003951761131e-01
7.000000000000000000e+00 9.000000000000000000e+01 3.101225073388092293e-02
