3.000000000000000000e+00 1.000000000000000000e+01 5.377541441174354953e-01
7.000000000000000000e+00 1.000000000000000000e+01 8.683653082773742926e-02
3.000000000000000000e+00 2.000000000000000000e+01 5.886653292395218617e-01
7.000000000000000000e+00 2.000000000000000000e+01 3.372711881376280058e-02
3.000000000000000000e+00 3.000000000000000000e+01 5.921996387081993607e-01
7.000000000000000000e+00 3.000000000000000000e+01 2.764755762075061379e-02
3.000000000000000000e+00 4.000000000000000000e+01 5.923861411405006994e-01
7.000000000000000000e+00 4.000000000000000000e+01 3.174564546012892396e-02
3.000000000000000000e+00 5.000000000000000000e+01 5.923924929269580586e-01
7.000000000000000000e+00 5.000000000000000000e+01 3.121089091259906731e-02
3.000000000000000000e+00 6.000000000000000000e+01 5.923924103627594695e-01
7.000000000000000000e+00 6.000000000000000000e+01 3.125030136565506295e-02
3.000000000000000000e+00 7.000000000000000000e+01 5.923923715860356376e-01
7.000000000000000000e+00 7.000000000000000000e+01 3.128185051821066182e-02
3.000000000000000000e+00 8.000000000000000000e+01 5.923923672942433827e-01
7.000000000000000000e+00 8.000000000000000000e+01 3.126840646116704758e-02
3.000000000000000000e+00 9.000000000000000000e+01 5.923923669538010417e-01
7.000000000000000000e+00 9.000000000000000000e+01 3.127011008693911936e-02
