3.000000000000000000e+00 1.000000000000000000e+01 5.109653098328585941e-01
7.000000000000000000e+00 1.000000000000000000e+01 6.616604431557158994e-02
3.000000000000000000e+00 2.000000000000000000e+01 5.809819909897107060e-01
7.000000000000000000e+00 2.000000000000000000e+01 2.003299633472411731e-02
3.000000000000000000e+00 3.000000000000000000e+01 5.849026265006929126e-01
7.000000000000000000e+00 3.000000000000000000e+01 2.214480507425091102e-02
3.000000000000000000e+00 4.000000000000000000e+01 5.851040937882765469e-01
7.000000000000000000e+00 4.000000000000000000e+01 2.531439761815701406e-02
3.000000000000000000e+00 5.000000000000000000e+01 5.851097171445337475e-01
7.000000000000000000e+00 5.000000000000000000e+01 2.239902543840225496e-02
3.000000000000000000e+00 6.000000000000000000e+01 5.851094172070095967e-01
7.000000000000000000e+00 6.000000000000000000e+01 2.257861526044153619e-02
3.000000000000000000e+00 7.000000000000000000e+01 5.851093516461982613e-01
7.000000000000000000e+00 7.000000000000000000e+01 2.256363767024937433e-02
3.000000000000000000e+00 8.000000000000000000e+01 5.851093449333121255e-01
7.000000000000000000e+00 8.000000000000000000e+01 2.255228812359161283e-02
3.000000000000000000e+00 9.000000000000000000e+01 5.851093444195764048e-01
7.000000000000000000e+00 9.000000000000000000e+01 2.255862959197293960e-02
