3.000000000000000000e+00 1.000000000000000000e+01 5.624702445133141770e-01
7.000000000000000000e+00 1.000000000000000000e+01 1.471366973069803408e-01
3.000000000000000000e+00 2.000000000000000000e+01 6.051315250277904401e-01
7.000000000000000000e+00 2.000000000000000000e+01 1.098970460220793227e-01
3.000000000000000000e+00 3.000000000000000000e+01 6.080118395996759739e-01
7.000000000000000000e+00 3.000000000000000000e+01 7.135761273578646036e-02
3.000000000000000000e+00 4.000000000000000000e+01 6.081677261027996773e-01
7.000000000000000000e+00 4.000000000000000000e+01 7.914956464023790994e-02
3.000000000000000000e+00 5.000000000000000000e+01 6.081741616392837280e-01
7.000000000000000000e+00 5.000000000000000000e+01 7.941968398455012679e-02
3.000000000000000000e+00 6.000000000000000000e+01 6.081742870403679113e-01
7.000000000000000000e+00 6.000000000000000000e+01 7.935566882974395830e-02
3.000000000000000000e+00 7.000000000000000000e+01 6.081742765178328458e-01
7.000000000000000000e+00 7.000000000000000000e+01 7.934520615426163270e-02
3.000000000000000000e+00 8.000000000000000000e+01 6.081742748613711003e-01
7.000000000000000000e+00 8.000000000000000000e+01 7.934889537180903063e-02
3.000000000000000000e+00 9.000000000000000000e+01 6.081742747161026363e-01
7.000000000000000000e+00 9.000000000000000000e+01 7.934924249503233495e-02
