3.000000000000000000e+00 1.000000000000000000e+01 4.707512971468170160e-01
7.000000000000000000e+00 1.000000000000000000e+01 4.988721245704803853e-02
3.000000000000000000e+00 2.000000000000000000e+01 5.636517409189802930e-01
7.000000000000000000e+00 2.000000000000000000e+01 6.971379146617149615e-03
3.000000000000000000e+00 3.000000000000000000e+01 5.683513061921426912e-01
7.000000000000000000e+00 3.000000000000000000e+01 1.360657809310303508e-02
3.000000000000000000e+00 4.000000000000000000e+01 5.685770712721867071e-01
7.000000000000000000e+00 4.000000000000000000e+01 1.416698265482256754e-02
3.000000000000000000e+00 5.000000000000000000e+01 5.685788171240705458e-01
7.000000000000000000e+00 5.000000000000000000e+01 1.259179009745831600e-02
3.000000000000000000e+00 6.000000000000000000e+01 5.685776489837249814e-01
7.000000000000000000e+00 6.000000000000000000e+01 1.279647744223917291e-02
3.000000000000000000e+00 7.000000000000000000e+01 5.685774766288351767e-01
7.000000000000000000e+00 7.000000000000000000e+01 1.269228449701072757e-02
3.000000000000000000e+00 8.000000000000000000e+01 5.685774600964486059e-01
7.000000000000000000e+00 8.000000000000000000e+01 1.272911231423099442e-02
3.000000000000000000e+00 9.000000000000000000e+01 5.685774588870149415e-01
7.000000000000000000e+00 9.000000000000000000e+01 1.272017111171674757e-02
