3.000000000000000000e+00 1.000000000000000000e+01 5.363311538634557563e-01
7.000000000000000000e+00 1.000000000000000000e+01 8.787384537931995643e-02
3.000000000000000000e+00 2.000000000000000000e+01 5.883145521299503189e-01
7.000000000000000000e+00 2.000000000000000000e+01 3.461418675188329686e-02
3.000000000000000000e+00 3.000000000000000000e+01 5.920172056205534883e-01
7.000000000000000000e+00 3.000000000000000000e+01 3.071269081255638411e-02
3.000000000000000000e+00 4.000000000000000000e+01 5.922185887525316383e-01
7.000000000000000000e+00 4.000000000000000000e+01 3.546955874085486876e-02
3.000000000000000000e+00 5.000000000000000000e+01 5.922257930927884439e-01
7.000000000000000000e+00 5.000000000000000000e+01 3.186751900027640777e-02
3.000000000000000000e+00 6.000000000000000000e+01 5.922257256457198471e-01
7.000000000000000000e+00 6.000000000000000000e+01 3.189346204349317176e-02
3.000000000000000000e+00 7.000000000000000000e+01 5.922256831712022773e-01
7.000000000000000000e+00 7.000000000000000000e+01 3.193122594720140123e-02
3.000000000000000000e+00 8.000000000000000000e+01 5.922256782572601352e-01
7.000000000000000000e+00 8.000000000000000000e+01 3.191705273605203314e-02
3.000000000000000000e+00 9.000000000000000000e+01 5.922256778531707067e-01
7.000000000000000000e+00 9.000000000000000000e+01 3.191833686697065353e-02
