3.000000000000000000e+00 1.000000000000000000e+01 5.690541327193194832e-01
7.000000000000000000e+00 1.000000000000000000e+01 3.777722842314791274e-01
3.000000000000000000e+00 2.000000000000000000e+01 6.050656845767686809e-01
7.000000000000000000e+00 2.000000000000000000e+01 4.555644699541286924e-01
3.000000000000000000e+00 3.000000000000000000e+01 6.074725457033237630e-01
7.000000000000000000e+00 3.000000000000000000e+01 4.573573571870120369e-01
3.000000000000000000e+00 4.000000000000000000e+01 6.076041258480319174e-01
7.000000000000000000e+00 4.000000000000000000e+01 4.573376216640865355e-01
3.000000000000000000e+00 5.000000000000000000e+01 6.076098900214905729e-01
7.000000000000000000e+00 5.000000000000000000e+01 4.573224257649935454e-01
3.000000000000000000e+00 6.000000000000000000e+01 6.076100518695310981e-01
7.000000000000000000e+00 6.000000000000000000e+01 4.573205247521346939e-01
3.000000000000000000e+00 7.000000000000000000e+01 6.076100491969925743e-01
7.000000000000000000e+00 7.000000000000000000e+01 4.573203756473871451e-01
3.000000000000000000e+00 8.000000000000000000e+01 6.076100483446686962e-01
7.000000000000000000e+00 8.000000000000000000e+01 4.573203688945463030e-01
3.000000000000000000e+00 9.000000000000000000e+01 6.076100482621921151e-01
7.000000000000000000e+00 9.000000000000000000e+01 4.573203690278369593e-01
