3.000000000000000000e+00 1.000000000000000000e+01 4.710695784813995202e-01
7.000000000000000000e+00 1.000000000000000000e+01 4.969783618496531608e-02
3.000000000000000000e+00 2.000000000000000000e+01 5.637142884799630771e-01
7.000000000000000000e+00 2.000000000000000000e+01 6.921067672173882024e-03
3.000000000000000000e+00 3.000000000000000000e+01 5.683713268684792430e-01
7.000000000000000000e+00 3.000000000000000000e+01 1.354494021722824938e-02
3.000000000000000000e+00 4.000000000000000000e+01 5.685934425417752403e-01
7.000000000000000000e+00 4.000000000000000000e+01 1.407927446863743715e-02
3.000000000000000000e+00 5.000000000000000000e+01 5.685950476164853828e-01
7.000000000000000000e+00 5.000000000000000000e+01 1.252508842318743841e-02
3.000000000000000000e+00 6.000000000000000000e+01 5.685938928190564789e-01
7.000000000000000000e+00 6.000000000000000000e+01 1.272315932373252120e-02
3.000000000000000000e+00 7.000000000000000000e+01 5.685937239700237233e-01
7.000000000000000000e+00 7.000000000000000000e+01 1.262091813506536521e-02
3.000000000000000000e+00 8.000000000000000000e+01 5.685937078847003168e-01
7.000000000000000000e+00 8.000000000000000000e+01 1.265756186124276060e-02
3.000000000000000000e+00 9.000000000000000000e+01 5.685937067166283443e-01
7.000000000000000000e+00 9.000000000000000000e+01 1.264841475794376523e-02
