3.000000000000000000e+00 1.000000000000000000e+01 5.680688175089391168e-01
7.000000000000000000e+00 1.000000000000000000e+01 3.910854352270775602e-01
3.000000000000000000e+00 2.000000000000000000e+01 6.047393102234238649e-01
7.000000000000000000e+00 2.000000000000000000e+01 4.557424194862756961e-01
3.000000000000000000e+00 3.000000000000000000e+01 6.072421803779031180e-01
7.000000000000000000e+00 3.000000000000000000e+01 4.576339711447278691e-01
3.000000000000000000e+00 4.000000000000000000e+01 6.073822194102161953e-01
7.000000000000000000e+00 4.000000000000000000e+01 4.576177213165132929e-01
3.000000000000000000e+00 5.000000000000000000e+01 6.073885288581032382e-01
7.000000000000000000e+00 5.000000000000000000e+01 4.576018051548892962e-01
3.000000000000000000e+00 6.000000000000000000e+01 6.073887148910248612e-01
7.000000000000000000e+00 6.000000000000000000e+01 4.575997440348454903e-01
3.000000000000000000e+00 7.000000000000000000e+01 6.073887124767325396e-01
7.000000000000000000e+00 7.000000000000000000e+01 4.575995766844340729e-01
3.000000000000000000e+00 8.000000000000000000e+01 6.073887115372264001e-01
7.000000000000000000e+00 8.000000000000000000e+01 4.575995686375544103e-01
3.000000000000000000e+00 9.000000000000000000e+01 6.073887114427022338e-01
7.000000000000000000e+00 9.000000000000000000e+01 4.575995687424577185e-01
