3.000000000000000000e+00 1.000000000000000000e+01 5.360431469376186753e-01
7.000000000000000000e+00 1.000000000000000000e+01 8.807968578637705159e-02
3.000000000000000000e+00 2.000000000000000000e+01 5.882431245678051424e-01
7.000000000000000000e+00 2.000000000000000000e+01 3.479395950510615065e-02
3.000000000000000000e+00 3.000000000000000000e+01 5.919803418905217329e-01
7.000000000000000000e+00 3.000000000000000000e+01 3.082005757735643489e-02
3.000000000000000000e+00 4.000000000000000000e+01 5.921848334218863252e-01
7.000000000000000000e+00 4.000000000000000000e+01 3.560830400942018720e-02
3.000000000000000000e+00 5.000000000000000000e+01 5.921922200375485668e-01
7.000000000000000000e+00 5.000000000000000000e+01 3.199964906006265430e-02
3.000000000000000000e+00 6.000000000000000000e+01 5.921921561467554662e-01
7.000000000000000000e+00 6.000000000000000000e+01 3.202265067253931563e-02
3.000000000000000000e+00 7.000000000000000000e+01 5.921921129032180486e-01
7.000000000000000000e+00 7.000000000000000000e+01 3.206168801083529585e-02
3.000000000000000000e+00 8.000000000000000000e+01 5.921921078550934636e-01
7.000000000000000000e+00 8.000000000000000000e+01 3.204739465668186849e-02
3.000000000000000000e+00 9.000000000000000000e+01 5.921921074369632665e-01
7.000000000000000000e+00 9.000000000000000000e+01 3.204858020283613690e-02
