3.000000000000000000e+00 1.000000000000000000e+01 5.374718058632002027e-01
7.000000000000000000e+00 1.000000000000000000e+01 8.704505254916318491e-02
3.000000000000000000e+00 2.000000000000000000e+01 5.885960115208620502e-01
7.000000000000000000e+00 2.000000000000000000e+01 3.390296376260485550e-02
3.000000000000000000e+00 3.000000000000000000e+01 5.921634010989672570e-01
7.000000000000000000e+00 3.000000000000000000e+01 3.028370046122237993e-02
3.000000000000000000e+00 4.000000000000000000e+01 5.923527935164023539e-01
7.000000000000000000e+00 4.000000000000000000e+01 3.187875917260551278e-02
3.000000000000000000e+00 5.000000000000000000e+01 5.923593082388634024e-01
7.000000000000000000e+00 5.000000000000000000e+01 3.134167658673605444e-02
3.000000000000000000e+00 6.000000000000000000e+01 5.923592283630475519e-01
7.000000000000000000e+00 6.000000000000000000e+01 3.137855696297633251e-02
3.000000000000000000e+00 7.000000000000000000e+01 5.923591888664557770e-01
7.000000000000000000e+00 7.000000000000000000e+01 3.141132674079805120e-02
3.000000000000000000e+00 8.000000000000000000e+01 5.923591844564886078e-01
7.000000000000000000e+00 8.000000000000000000e+01 3.139772106786248296e-02
3.000000000000000000e+00 9.000000000000000000e+01 5.923591841041461192e-01
7.000000000000000000e+00 9.000000000000000000e+01 3.139935034616772591e-02
