3.000000000000000000e+00 1.000000000000000000e+01 4.185312339994841646e-01
7.000000000000000000e+00 1.000000000000000000e+01 4.287050419044659971e-02
3.000000000000000000e+00 2.000000000000000000e+01 2.412766345426699544e-01
7.000000000000000000e+00 2.000000000000000000e+01 4.128394542468298220e-03
3.000000000000000000e+00 3.000000000000000000e+01 2.583369398142075224e-01
7.000000000000000000e+00 3.000000000000000000e+01 1.204860873234241993e-02
3.000000000000000000e+00 4.000000000000000000e+01 2.713931794199284098e-01
7.000000000000000000e+00 4.000000000000000000e+01 1.068909964162871075e-02
3.000000000000000000e+00 5.000000000000000000e+01 2.711763058146743899e-01
7.000000000000000000e+00 5.000000000000000000e+01 1.073176088096711341e-02
3.000000000000000000e+00 6.000000000000000000e+01 2.712606899027692475e-01
7.000000000000000000e+00 6.000000000000000000e+01 1.088444780357658570e-02
3.000000000000000000e+00 7.000000000000000000e+01 2.712849001039728813e-01
7.000000000000000000e+00 7.000000000000000000e+01 1.077232918716983755e-02
3.000000000000000000e+00 8.000000000000000000e+01 2.712860881072122754e-01
7.000000000000000000e+00 8.000000000000000000e+01 1.082533152994236830e-02
3.000000000000000000e+00 9.000000000000000000e+01 2.712853580507340046e-01
7.000000000000000000e+00 9.000000000000000000e+01 1.080590807443609046e-02
