3.000000000000000000e+00 1.000000000000000000e+01 4.691414910122950199e-01
7.000000000000000000e+00 1.000000000000000000e+01 5.083521734896197242e-02
3.000000000000000000e+00 2.000000000000000000e+01 5.633314931766583156e-01
7.000000000000000000e+00 2.000000000000000000e+01 7.231398741736366764e-03
3.000000000000000000e+00 3.000000000000000000e+01 5.682491367368150970e-01
7.000000000000000000e+00 3.000000000000000000e+01 1.391413958314642076e-02
3.000000000000000000e+00 4.000000000000000000e+01 5.684939748258367453e-01
7.000000000000000000e+00 4.000000000000000000e+01 1.461253359930910281e-02
3.000000000000000000e+00 5.000000000000000000e+01 5.684964883543597303e-01
7.000000000000000000e+00 5.000000000000000000e+01 1.292926642272368594e-02
3.000000000000000000e+00 6.000000000000000000e+01 5.684952529311824154e-01
7.000000000000000000e+00 6.000000000000000000e+01 1.316748425931057488e-02
3.000000000000000000e+00 7.000000000000000000e+01 5.684950620368164342e-01
7.000000000000000000e+00 7.000000000000000000e+01 1.305405980574597495e-02
3.000000000000000000e+00 8.000000000000000000e+01 5.684950430857771408e-01
7.000000000000000000e+00 8.000000000000000000e+01 1.309128172089273935e-02
3.000000000000000000e+00 9.000000000000000000e+01 5.684950416476249879e-01
7.000000000000000000e+00 9.000000000000000000e+01 1.308365793813215903e-02
