3.000000000000000000e+00 1.000000000000000000e+01 5.371883415379860027e-01
7.000000000000000000e+00 1.000000000000000000e+01 8.725305171802916204e-02
3.000000000000000000e+00 2.000000000000000000e+01 5.885262780413289541e-01
7.000000000000000000e+00 2.000000000000000000e+01 3.407959175663142354e-02
3.000000000000000000e+00 3.000000000000000000e+01 5.921270396960034432e-01
7.000000000000000000e+00 3.000000000000000000e+01 3.039087697077338251e-02
3.000000000000000000e+00 4.000000000000000000e+01 5.923193645784488037e-01
7.000000000000000000e+00 4.000000000000000000e+01 3.201200637262765353e-02
3.000000000000000000e+00 5.000000000000000000e+01 5.923260459453636440e-01
7.000000000000000000e+00 5.000000000000000000e+01 3.147273331192408652e-02
3.000000000000000000e+00 6.000000000000000000e+01 5.923259689195728983e-01
7.000000000000000000e+00 6.000000000000000000e+01 3.150700250799681051e-02
3.000000000000000000e+00 7.000000000000000000e+01 5.923259286932609502e-01
7.000000000000000000e+00 7.000000000000000000e+01 3.154100464934835035e-02
3.000000000000000000e+00 8.000000000000000000e+01 5.923259241620639770e-01
7.000000000000000000e+00 8.000000000000000000e+01 3.152724485602238086e-02
3.000000000000000000e+00 9.000000000000000000e+01 5.923259237974194402e-01
7.000000000000000000e+00 9.000000000000000000e+01 3.152879508612373843e-02
