3.000000000000000000e+00 1.000000000000000000e+01 5.746401346177958391e-01
7.000000000000000000e+00 1.000000000000000000e+01 4.482683491904947415e-01
3.000000000000000000e+00 2.000000000000000000e+01 6.064432027702643113e-01
7.000000000000000000e+00 2.000000000000000000e+01 4.955953428258509375e-01
3.000000000000000000e+00 3.000000000000000000e+01 6.085526896313727674e-01
7.000000000000000000e+00 3.000000000000000000e+01 4.974922755164198906e-01
3.000000000000000000e+00 4.000000000000000000e+01 6.086681903961019824e-01
7.000000000000000000e+00 4.000000000000000000e+01 4.975379142911594554e-01
3.000000000000000000e+00 5.000000000000000000e+01 6.086733710731131453e-01
7.000000000000000000e+00 5.000000000000000000e+01 4.975330629429747797e-01
3.000000000000000000e+00 6.000000000000000000e+01 6.086735354904438955e-01
7.000000000000000000e+00 6.000000000000000000e+01 4.975322094645929227e-01
3.000000000000000000e+00 7.000000000000000000e+01 6.086735357540018487e-01
7.000000000000000000e+00 7.000000000000000000e+01 4.975321304747422624e-01
3.000000000000000000e+00 8.000000000000000000e+01 6.086735352438034097e-01
7.000000000000000000e+00 8.000000000000000000e+01 4.975321253983066572e-01
3.000000000000000000e+00 9.000000000000000000e+01 6.086735351895412593e-01
7.000000000000000000e+00 9.000000000000000000e+01 4.975321252053897525e-01
