3.000000000000000000e+00 1.000000000000000000e+01 5.614279626959255420e-01
7.000000000000000000e+00 1.000000000000000000e+01 1.477872837426262853e-01
3.000000000000000000e+00 2.000000000000000000e+01 6.048390299031979334e-01
7.000000000000000000e+00 2.000000000000000000e+01 1.205261404494847172e-01
3.000000000000000000e+00 3.000000000000000000e+01 6.078308208454998862e-01
7.000000000000000000e+00 3.000000000000000000e+01 7.892035480454705210e-02
3.000000000000000000e+00 4.000000000000000000e+01 6.079965187359136491e-01
7.000000000000000000e+00 4.000000000000000000e+01 7.991812489537004904e-02
3.000000000000000000e+00 5.000000000000000000e+01 6.080035669264531872e-01
7.000000000000000000e+00 5.000000000000000000e+01 8.021320119629939127e-02
3.000000000000000000e+00 6.000000000000000000e+01 6.080037155431723406e-01
7.000000000000000000e+00 6.000000000000000000e+01 8.014926903355139298e-02
3.000000000000000000e+00 7.000000000000000000e+01 6.080037046101162135e-01
7.000000000000000000e+00 7.000000000000000000e+01 8.013697707412671678e-02
3.000000000000000000e+00 8.000000000000000000e+01 6.080037027737981159e-01
7.000000000000000000e+00 8.000000000000000000e+01 8.014075715324125992e-02
3.000000000000000000e+00 9.000000000000000000e+01 6.080037026074478490e-01
7.000000000000000000e+00 9.000000000000000000e+01 8.014122030895175219e-02
