3.000000000000000000e+00 1.000000000000000000e+01 5.748759441560361561e-01
7.000000000000000000e+00 1.000000000000000000e+01 4.484417951459302443e-01
3.000000000000000000e+00 2.000000000000000000e+01 6.065308983611668037e-01
7.000000000000000000e+00 2.000000000000000000e+01 4.955927487186264635e-01
3.000000000000000000e+00 3.000000000000000000e+01 6.086193670264965494e-01
7.000000000000000000e+00 3.000000000000000000e+01 4.974666446961335531e-01
3.000000000000000000e+00 4.000000000000000000e+01 6.087330475659059603e-01
7.000000000000000000e+00 4.000000000000000000e+01 4.975109684709210223e-01
3.000000000000000000e+00 5.000000000000000000e+01 6.087381114973283713e-01
7.000000000000000000e+00 5.000000000000000000e+01 4.975061465053761123e-01
3.000000000000000000e+00 6.000000000000000000e+01 6.087382705278362449e-01
7.000000000000000000e+00 6.000000000000000000e+01 4.975053091994472432e-01
3.000000000000000000e+00 7.000000000000000000e+01 6.087382706850484881e-01
7.000000000000000000e+00 7.000000000000000000e+01 4.975052323477460181e-01
3.000000000000000000e+00 8.000000000000000000e+01 6.087382701863683909e-01
7.000000000000000000e+00 8.000000000000000000e+01 4.975052274546721831e-01
3.000000000000000000e+00 9.000000000000000000e+01 6.087382701339383306e-01
7.000000000000000000e+00 9.000000000000000000e+01 4.975052272719990287e-01
