3.000000000000000000e+00 1.000000000000000000e+01 5.632410902621326487e-01
7.000000000000000000e+00 1.000000000000000000e+01 1.466375298309948727e-01
3.000000000000000000e+00 2.000000000000000000e+01 6.053470836408437750e-01
7.000000000000000000e+00 2.000000000000000000e+01 1.090594407125499016e-01
3.000000000000000000e+00 3.000000000000000000e+01 6.081463951362954257e-01
7.000000000000000000e+00 3.000000000000000000e+01 7.079489835432548062e-02
3.000000000000000000e+00 4.000000000000000000e+01 6.082952926438884855e-01
7.000000000000000000e+00 4.000000000000000000e+01 7.201097388104615860e-02
3.000000000000000000e+00 5.000000000000000000e+01 6.083013020834551199e-01
7.000000000000000000e+00 5.000000000000000000e+01 7.220941429526445132e-02
3.000000000000000000e+00 6.000000000000000000e+01 6.083014120029233140e-01
7.000000000000000000e+00 6.000000000000000000e+01 7.213186806081210711e-02
3.000000000000000000e+00 7.000000000000000000e+01 6.083014018134923484e-01
7.000000000000000000e+00 7.000000000000000000e+01 7.212738980838478975e-02
3.000000000000000000e+00 8.000000000000000000e+01 6.083014002813769139e-01
7.000000000000000000e+00 8.000000000000000000e+01 7.213169810275242566e-02
3.000000000000000000e+00 9.000000000000000000e+01 6.083014001502089485e-01
7.000000000000000000e+00 9.000000000000000000e+01 7.213160978023375192e-02
