3.000000000000000000e+00 1.000000000000000000e+01 5.121598782518540505e-01
7.000000000000000000e+00 1.000000000000000000e+01 6.534571334301575440e-02
3.000000000000000000e+00 2.000000000000000000e+01 5.812457473908878569e-01
7.000000000000000000e+00 2.000000000000000000e+01 1.954284537837427949e-02
3.000000000000000000e+00 3.000000000000000000e+01 5.850241789158276973e-01
7.000000000000000000e+00 3.000000000000000000e+01 2.180811928030531796e-02
3.000000000000000000e+00 4.000000000000000000e+01 5.852134834041035072e-01
7.000000000000000000e+00 4.000000000000000000e+01 2.483952693131007139e-02
3.000000000000000000e+00 5.000000000000000000e+01 5.852184900744058504e-01
7.000000000000000000e+00 5.000000000000000000e+01 2.198293713778519051e-02
3.000000000000000000e+00 6.000000000000000000e+01 5.852181933992176566e-01
7.000000000000000000e+00 6.000000000000000000e+01 2.216157718832930182e-02
3.000000000000000000e+00 7.000000000000000000e+01 5.852181328274393968e-01
7.000000000000000000e+00 7.000000000000000000e+01 2.214188150889066439e-02
3.000000000000000000e+00 8.000000000000000000e+01 5.852181268126457336e-01
7.000000000000000000e+00 8.000000000000000000e+01 2.213298060401088993e-02
3.000000000000000000e+00 9.000000000000000000e+01 5.852181263652157517e-01
7.000000000000000000e+00 9.000000000000000000e+01 2.213874124511027233e-02
