3.000000000000000000e+00 1.000000000000000000e+01 5.685634031307311709e-01
7.000000000000000000e+00 1.000000000000000000e+01 3.913502426848669558e-01
3.000000000000000000e+00 2.000000000000000000e+01 6.049031733489239615e-01
7.000000000000000000e+00 2.000000000000000000e+01 4.556548008649270454e-01
3.000000000000000000e+00 3.000000000000000000e+01 6.073575915085921428e-01
7.000000000000000000e+00 3.000000000000000000e+01 4.574964644692392501e-01
3.000000000000000000e+00 4.000000000000000000e+01 6.074933373847085649e-01
7.000000000000000000e+00 4.000000000000000000e+01 4.574784184688851507e-01
3.000000000000000000e+00 5.000000000000000000e+01 6.074993682880519552e-01
7.000000000000000000e+00 5.000000000000000000e+01 4.574628647031512285e-01
3.000000000000000000e+00 6.000000000000000000e+01 6.074995418522014523e-01
7.000000000000000000e+00 6.000000000000000000e+01 4.574608850955194650e-01
3.000000000000000000e+00 7.000000000000000000e+01 6.074995392969103625e-01
7.000000000000000000e+00 7.000000000000000000e+01 4.574607271118368845e-01
3.000000000000000000e+00 8.000000000000000000e+01 6.074995384018465616e-01
7.000000000000000000e+00 8.000000000000000000e+01 4.574607197365120892e-01
3.000000000000000000e+00 9.000000000000000000e+01 6.074995383135415317e-01
7.000000000000000000e+00 9.000000000000000000e+01 4.574607198568829136e-01
