3.000000000000000000e+00 1.000000000000000000e+01 5.581215220153087353e-01
7.000000000000000000e+00 1.000000000000000000e+01 1.978739146939015869e-01
3.000000000000000000e+00 2.000000000000000000e+01 5.994545835460522998e-01
7.000000000000000000e+00 2.000000000000000000e+01 3.029818016079119380e-01
3.000000000000000000e+00 3.000000000000000000e+01 6.022900419661029181e-01
7.000000000000000000e+00 3.000000000000000000e+01 1.985150071926841953e-01
3.000000000000000000e+00 4.000000000000000000e+01 6.024455419237084719e-01
7.000000000000000000e+00 4.000000000000000000e+01 1.595063812736827458e-01
3.000000000000000000e+00 5.000000000000000000e+01 6.024520197813804101e-01
7.000000000000000000e+00 5.000000000000000000e+01 1.596500828762635327e-01
3.000000000000000000e+00 6.000000000000000000e+01 6.024521444707467976e-01
7.000000000000000000e+00 6.000000000000000000e+01 1.596861467636598031e-01
3.000000000000000000e+00 7.000000000000000000e+01 6.024521332618599789e-01
7.000000000000000000e+00 7.000000000000000000e+01 1.596852962441276946e-01
3.000000000000000000e+00 8.000000000000000000e+01 6.024521315080157979e-01
7.000000000000000000e+00 8.000000000000000000e+01 1.596841143840658783e-01
3.000000000000000000e+00 9.000000000000000000e+01 6.024521313535746714e-01
7.000000000000000000e+00 9.000000000000000000e+01 1.596840246325664514e-01
