3.000000000000000000e+00 1.000000000000000000e+01 5.677924508466334341e-01
7.000000000000000000e+00 1.000000000000000000e+01 4.760547996382797908e-01
3.000000000000000000e+00 2.000000000000000000e+01 5.969072063736959866e-01
7.000000000000000000e+00 2.000000000000000000e+01 5.058735054806939857e-01
3.000000000000000000e+00 3.000000000000000000e+01 5.987607466839275361e-01
7.000000000000000000e+00 3.000000000000000000e+01 5.075072514482773522e-01
3.000000000000000000e+00 4.000000000000000000e+01 5.988569435831601062e-01
7.000000000000000000e+00 4.000000000000000000e+01 5.075503725615804207e-01
3.000000000000000000e+00 5.000000000000000000e+01 5.988609496554048173e-01
7.000000000000000000e+00 5.000000000000000000e+01 5.075475895560365158e-01
3.000000000000000000e+00 6.000000000000000000e+01 5.988610595871686204e-01
7.000000000000000000e+00 6.000000000000000000e+01 5.075470681076862389e-01
3.000000000000000000e+00 7.000000000000000000e+01 5.988610584979108253e-01
7.000000000000000000e+00 7.000000000000000000e+01 5.075470215862954992e-01
3.000000000000000000e+00 8.000000000000000000e+01 5.988610580589919241e-01
7.000000000000000000e+00 8.000000000000000000e+01 5.075470187226854835e-01
3.000000000000000000e+00 9.000000000000000000e+01 5.988610580185406151e-01
7.000000000000000000e+00 9.000000000000000000e+01 5.075470186143651308e-01
