3.000000000000000000e+00 1.000000000000000000e+01 5.697830623728121768e-01
7.000000000000000000e+00 1.000000000000000000e+01 3.781168011296013876e-01
3.000000000000000000e+00 2.000000000000000000e+01 6.053069597317783934e-01
7.000000000000000000e+00 2.000000000000000000e+01 4.554239551778288542e-01
3.000000000000000000e+00 3.000000000000000000e+01 6.076441296365068245e-01
7.000000000000000000e+00 3.000000000000000000e+01 4.571457152466930074e-01
3.000000000000000000e+00 4.000000000000000000e+01 6.077696921463554558e-01
7.000000000000000000e+00 4.000000000000000000e+01 4.571236362071618986e-01
3.000000000000000000e+00 5.000000000000000000e+01 6.077750773242190929e-01
7.000000000000000000e+00 5.000000000000000000e+01 4.571089682870552173e-01
3.000000000000000000e+00 6.000000000000000000e+01 6.077752229169247622e-01
7.000000000000000000e+00 6.000000000000000000e+01 4.571071798905295691e-01
3.000000000000000000e+00 7.000000000000000000e+01 6.077752201082501360e-01
7.000000000000000000e+00 7.000000000000000000e+01 4.571070432408894657e-01
3.000000000000000000e+00 8.000000000000000000e+01 6.077752193169069228e-01
7.000000000000000000e+00 8.000000000000000000e+01 4.571070373368774642e-01
3.000000000000000000e+00 9.000000000000000000e+01 6.077752192424901168e-01
7.000000000000000000e+00 9.000000000000000000e+01 4.571070374853430374e-01
