3.000000000000000000e+00 1.000000000000000000e+01 5.746299706547769448e-01
7.000000000000000000e+00 1.000000000000000000e+01 4.891338177017905964e-01
3.000000000000000000e+00 2.000000000000000000e+01 6.002561181603555118e-01
7.000000000000000000e+00 2.000000000000000000e+01 5.163600878655619786e-01
3.000000000000000000e+00 3.000000000000000000e+01 6.018536262104864365e-01
7.000000000000000000e+00 3.000000000000000000e+01 5.178367617352898078e-01
3.000000000000000000e+00 4.000000000000000000e+01 6.019347984901630699e-01
7.000000000000000000e+00 4.000000000000000000e+01 5.178796448948440601e-01
3.000000000000000000e+00 5.000000000000000000e+01 6.019381279025576292e-01
7.000000000000000000e+00 5.000000000000000000e+01 5.178780382111889402e-01
3.000000000000000000e+00 6.000000000000000000e+01 6.019382211661054027e-01
7.000000000000000000e+00 6.000000000000000000e+01 5.178776823512039051e-01
3.000000000000000000e+00 7.000000000000000000e+01 6.019382208485247743e-01
7.000000000000000000e+00 7.000000000000000000e+01 5.178776505305278111e-01
3.000000000000000000e+00 8.000000000000000000e+01 6.019382205592254120e-01
7.000000000000000000e+00 8.000000000000000000e+01 5.178776485830510756e-01
3.000000000000000000e+00 9.000000000000000000e+01 6.019382205324215196e-01
7.000000000000000000e+00 9.000000000000000000e+01 5.178776485063533164e-01
