3.000000000000000000e+00 1.000000000000000000e+01 5.673245331122163115e-01
7.000000000000000000e+00 1.000000000000000000e+01 4.756803159331001174e-01
3.000000000000000000e+00 2.000000000000000000e+01 5.967185306389862776e-01
7.000000000000000000e+00 2.000000000000000000e+01 5.058351811140573417e-01
3.000000000000000000e+00 3.000000000000000000e+01 5.986105114106962111e-01
7.000000000000000000e+00 3.000000000000000000e+01 5.075097650652108383e-01
3.000000000000000000e+00 4.000000000000000000e+01 5.987099039732649564e-01
7.000000000000000000e+00 4.000000000000000000e+01 5.075552245491268266e-01
3.000000000000000000e+00 5.000000000000000000e+01 5.987141038391914361e-01
7.000000000000000000e+00 5.000000000000000000e+01 5.075524226683922890e-01
3.000000000000000000e+00 6.000000000000000000e+01 5.987142219092601580e-01
7.000000000000000000e+00 6.000000000000000000e+01 5.075518805627766694e-01
3.000000000000000000e+00 7.000000000000000000e+01 5.987142209180407182e-01
7.000000000000000000e+00 7.000000000000000000e+01 5.075518313505964496e-01
3.000000000000000000e+00 8.000000000000000000e+01 5.987142204561010095e-01
7.000000000000000000e+00 8.000000000000000000e+01 5.075518282642412782e-01
3.000000000000000000e+00 9.000000000000000000e+01 5.987142204126233436e-01
7.000000000000000000e+00 9.000000000000000000e+01 5.075518281437005896e-01
