3.000000000000000000e+00 1.000000000000000000e+01 4.178985442182990839e-01
7.000000000000000000e+00 1.000000000000000000e+01 4.321953811113139754e-02
3.000000000000000000e+00 2.000000000000000000e+01 5.440766544289601381e-01
7.000000000000000000e+00 2.000000000000000000e+01 4.182540688052581272e-03
3.000000000000000000e+00 3.000000000000000000e+01 2.584769171684494493e-01
7.000000000000000000e+00 3.000000000000000000e+01 1.215785430751076777e-02
3.000000000000000000e+00 4.000000000000000000e+01 2.714716123028578232e-01
7.000000000000000000e+00 4.000000000000000000e+01 1.083185694405894815e-02
3.000000000000000000e+00 5.000000000000000000e+01 2.712415328884780763e-01
7.000000000000000000e+00 5.000000000000000000e+01 1.084325235745929594e-02
3.000000000000000000e+00 6.000000000000000000e+01 2.713262672528491404e-01
7.000000000000000000e+00 6.000000000000000000e+01 1.101291809568184961e-02
3.000000000000000000e+00 7.000000000000000000e+01 5.494739863225037713e-01
7.000000000000000000e+00 7.000000000000000000e+01 1.089399580291076745e-02
3.000000000000000000e+00 8.000000000000000000e+01 5.494739540933712973e-01
7.000000000000000000e+00 8.000000000000000000e+01 1.094882576582648266e-02
3.000000000000000000e+00 9.000000000000000000e+01 5.494739519285720686e-01
7.000000000000000000e+00 9.000000000000000000e+01 1.092932141593177045e-02
