3.000000000000000000e+00 1.000000000000000000e+01 5.619511859849888324e-01
7.000000000000000000e+00 1.000000000000000000e+01 1.474641473348529130e-01
3.000000000000000000e+00 2.000000000000000000e+01 6.049860126516206638e-01
7.000000000000000000e+00 2.000000000000000000e+01 1.104561580183194280e-01
3.000000000000000000e+00 3.000000000000000000e+01 6.079215624008893482e-01
7.000000000000000000e+00 3.000000000000000000e+01 7.173337446350462610e-02
3.000000000000000000e+00 4.000000000000000000e+01 6.080822825413630950e-01
7.000000000000000000e+00 4.000000000000000000e+01 7.953411789035924606e-02
3.000000000000000000e+00 5.000000000000000000e+01 6.080890178244661159e-01
7.000000000000000000e+00 5.000000000000000000e+01 7.981660094449392895e-02
3.000000000000000000e+00 6.000000000000000000e+01 6.080891544472952770e-01
7.000000000000000000e+00 6.000000000000000000e+01 7.975257333802839022e-02
3.000000000000000000e+00 7.000000000000000000e+01 6.080891437139605005e-01
7.000000000000000000e+00 7.000000000000000000e+01 7.974121182681935538e-02
3.000000000000000000e+00 8.000000000000000000e+01 6.080891419696411448e-01
7.000000000000000000e+00 8.000000000000000000e+01 7.974495052820204655e-02
3.000000000000000000e+00 9.000000000000000000e+01 6.080891418141749494e-01
7.000000000000000000e+00 9.000000000000000000e+01 7.974535406032531859e-02
