3.000000000000000000e+00 1.000000000000000000e+01 5.668531370170158956e-01
7.000000000000000000e+00 1.000000000000000000e+01 4.753001949221450362e-01
3.000000000000000000e+00 2.000000000000000000e+01 5.965286505615553514e-01
7.000000000000000000e+00 2.000000000000000000e+01 5.057943592403028044e-01
3.000000000000000000e+00 3.000000000000000000e+01 5.984598323499351613e-01
7.000000000000000000e+00 3.000000000000000000e+01 5.206330203429203607e-01
3.000000000000000000e+00 4.000000000000000000e+01 5.985625233127362943e-01
7.000000000000000000e+00 4.000000000000000000e+01 5.206896019304403378e-01
3.000000000000000000e+00 5.000000000000000000e+01 5.985669259768054973e-01
7.000000000000000000e+00 5.000000000000000000e+01 5.206881042458166853e-01
3.000000000000000000e+00 6.000000000000000000e+01 5.985670527285603670e-01
7.000000000000000000e+00 6.000000000000000000e+01 5.206876679339121905e-01
3.000000000000000000e+00 7.000000000000000000e+01 5.985670518522490102e-01
7.000000000000000000e+00 7.000000000000000000e+01 5.206876245832998684e-01
3.000000000000000000e+00 8.000000000000000000e+01 5.985670513663494674e-01
7.000000000000000000e+00 8.000000000000000000e+01 5.206876216150808645e-01
3.000000000000000000e+00 9.000000000000000000e+01 5.985670513196299503e-01
7.000000000000000000e+00 9.000000000000000000e+01 5.206876214746076759e-01
