3.000000000000000000e+00 1.000000000000000000e+01 5.115649476209237489e-01
7.000000000000000000e+00 1.000000000000000000e+01 6.575626764824567261e-02
3.000000000000000000e+00 2.000000000000000000e+01 5.811147372032824387e-01
7.000000000000000000e+00 2.000000000000000000e+01 1.978633665401513184e-02
3.000000000000000000e+00 3.000000000000000000e+01 5.849636539192045737e-01
7.000000000000000000e+00 3.000000000000000000e+01 2.197647109698021989e-02
3.000000000000000000e+00 4.000000000000000000e+01 5.851589509754657747e-01
7.000000000000000000e+00 4.000000000000000000e+01 2.507646956232625207e-02
3.000000000000000000e+00 5.000000000000000000e+01 5.851642586733430962e-01
7.000000000000000000e+00 5.000000000000000000e+01 2.219033782393753026e-02
3.000000000000000000e+00 6.000000000000000000e+01 5.851639601541609448e-01
7.000000000000000000e+00 6.000000000000000000e+01 2.236963039737858289e-02
3.000000000000000000e+00 7.000000000000000000e+01 5.851638971299142344e-01
7.000000000000000000e+00 7.000000000000000000e+01 2.235220428193302258e-02
3.000000000000000000e+00 8.000000000000000000e+01 5.851638907751712804e-01
7.000000000000000000e+00 8.000000000000000000e+01 2.234209722336620227e-02
3.000000000000000000e+00 9.000000000000000000e+01 5.851638902956926014e-01
7.000000000000000000e+00 9.000000000000000000e+01 2.234815327176066860e-02
