3.000000000000000000e+00 1.000000000000000000e+01 5.748539175697402470e-01
7.000000000000000000e+00 1.000000000000000000e+01 4.893281676712875061e-01
3.000000000000000000e+00 2.000000000000000000e+01 6.003550835527668994e-01
7.000000000000000000e+00 2.000000000000000000e+01 5.163983726074026226e-01
3.000000000000000000e+00 3.000000000000000000e+01 6.019359341837429156e-01
7.000000000000000000e+00 3.000000000000000000e+01 5.178567576268148231e-01
3.000000000000000000e+00 4.000000000000000000e+01 6.020157650758094503e-01
7.000000000000000000e+00 4.000000000000000000e+01 5.178985900855721525e-01
3.000000000000000000e+00 5.000000000000000000e+01 6.020190155746968363e-01
7.000000000000000000e+00 5.000000000000000000e+01 5.178969814177032394e-01
3.000000000000000000e+00 6.000000000000000000e+01 6.020191055803717495e-01
7.000000000000000000e+00 6.000000000000000000e+01 5.178966324457633386e-01
3.000000000000000000e+00 7.000000000000000000e+01 6.020191052156815825e-01
7.000000000000000000e+00 7.000000000000000000e+01 5.178966015234832687e-01
3.000000000000000000e+00 8.000000000000000000e+01 6.020191049336918176e-01
7.000000000000000000e+00 8.000000000000000000e+01 5.178965996486034618e-01
3.000000000000000000e+00 9.000000000000000000e+01 6.020191049078569279e-01
7.000000000000000000e+00 9.000000000000000000e+01 5.178965995758432195e-01
