3.000000000000000000e+00 1.000000000000000000e+01 5.357539947388478829e-01
7.000000000000000000e+00 1.000000000000000000e+01 8.828496934401176832e-02
3.000000000000000000e+00 2.000000000000000000e+01 5.881712655929020039e-01
7.000000000000000000e+00 2.000000000000000000e+01 3.497452142685459481e-02
3.000000000000000000e+00 3.000000000000000000e+01 5.919433507422507956e-01
7.000000000000000000e+00 3.000000000000000000e+01 3.092747261005362319e-02
3.000000000000000000e+00 4.000000000000000000e+01 5.921509962002828864e-01
7.000000000000000000e+00 4.000000000000000000e+01 3.574711947924273658e-02
3.000000000000000000e+00 5.000000000000000000e+01 5.921585692063554562e-01
7.000000000000000000e+00 5.000000000000000000e+01 3.213204465749998351e-02
3.000000000000000000e+00 6.000000000000000000e+01 5.921585090642236260e-01
7.000000000000000000e+00 6.000000000000000000e+01 3.215202097616768478e-02
3.000000000000000000e+00 7.000000000000000000e+01 5.921584650419097207e-01
7.000000000000000000e+00 7.000000000000000000e+01 3.219234042129914819e-02
3.000000000000000000e+00 8.000000000000000000e+01 5.921584598561742130e-01
7.000000000000000000e+00 8.000000000000000000e+01 3.217793644151988736e-02
3.000000000000000000e+00 9.000000000000000000e+01 5.921584594235339560e-01
7.000000000000000000e+00 9.000000000000000000e+01 3.217901835264772720e-02
