3.000000000000000000e+00 1.000000000000000000e+01 5.680251141639943713e-01
7.000000000000000000e+00 1.000000000000000000e+01 4.762399415307043138e-01
3.000000000000000000e+00 2.000000000000000000e+01 5.970010980530566780e-01
7.000000000000000000e+00 2.000000000000000000e+01 5.058917399094070566e-01
3.000000000000000000e+00 3.000000000000000000e+01 5.988356990097555288e-01
7.000000000000000000e+00 3.000000000000000000e+01 5.075054098170692640e-01
3.000000000000000000e+00 4.000000000000000000e+01 5.989303356332822403e-01
7.000000000000000000e+00 4.000000000000000000e+01 5.075473978847331313e-01
3.000000000000000000e+00 5.000000000000000000e+01 5.989342480637993571e-01
7.000000000000000000e+00 5.000000000000000000e+01 5.075446254376078103e-01
3.000000000000000000e+00 6.000000000000000000e+01 5.989343541200914389e-01
7.000000000000000000e+00 6.000000000000000000e+01 5.075441140646785865e-01
3.000000000000000000e+00 7.000000000000000000e+01 5.989343529876378636e-01
7.000000000000000000e+00 7.000000000000000000e+01 5.075440688362058417e-01
3.000000000000000000e+00 8.000000000000000000e+01 5.989343525598798124e-01
7.000000000000000000e+00 8.000000000000000000e+01 5.075440660781809221e-01
3.000000000000000000e+00 9.000000000000000000e+01 5.989343525208665753e-01
7.000000000000000000e+00 9.000000000000000000e+01 5.075440659755471318e-01
