3.000000000000000000e+00 1.000000000000000000e+01 4.701110644256110138e-01
7.000000000000000000e+00 1.000000000000000000e+01 5.026621053750055662e-02
3.000000000000000000e+00 2.000000000000000000e+01 5.635251547120240234e-01
7.000000000000000000e+00 2.000000000000000000e+01 7.073678752137012304e-03
3.000000000000000000e+00 3.000000000000000000e+01 5.683108542684615072e-01
7.000000000000000000e+00 3.000000000000000000e+01 1.372974287442058766e-02
3.000000000000000000e+00 4.000000000000000000e+01 5.685440811100848091e-01
7.000000000000000000e+00 4.000000000000000000e+01 1.434380740956856838e-02
3.000000000000000000e+00 5.000000000000000000e+01 5.685461209851379039e-01
7.000000000000000000e+00 5.000000000000000000e+01 1.272598551505470764e-02
3.000000000000000000e+00 6.000000000000000000e+01 5.685449260328552246e-01
7.000000000000000000e+00 6.000000000000000000e+01 1.294400551578006771e-02
3.000000000000000000e+00 7.000000000000000000e+01 5.685447464673508700e-01
7.000000000000000000e+00 7.000000000000000000e+01 1.283600702018949415e-02
3.000000000000000000e+00 8.000000000000000000e+01 5.685447290050744673e-01
7.000000000000000000e+00 8.000000000000000000e+01 1.287310124330933760e-02
3.000000000000000000e+00 9.000000000000000000e+01 5.685447277086752571e-01
7.000000000000000000e+00 9.000000000000000000e+01 1.286462855838849985e-02
