3.000000000000000000e+00 1.000000000000000000e+01 4.704317935544449769e-01
7.000000000000000000e+00 1.000000000000000000e+01 5.007667288145500190e-02
3.000000000000000000e+00 2.000000000000000000e+01 5.635886975314693403e-01
7.000000000000000000e+00 2.000000000000000000e+01 7.022247765526941007e-03
3.000000000000000000e+00 3.000000000000000000e+01 5.683311489487359314e-01
7.000000000000000000e+00 3.000000000000000000e+01 1.366818061168897057e-02
3.000000000000000000e+00 4.000000000000000000e+01 5.685606175050327282e-01
7.000000000000000000e+00 4.000000000000000000e+01 1.425516098105116328e-02
3.000000000000000000e+00 5.000000000000000000e+01 5.685625082588566803e-01
7.000000000000000000e+00 5.000000000000000000e+01 1.265875564624994488e-02
3.000000000000000000e+00 6.000000000000000000e+01 5.685613267322369158e-01
7.000000000000000000e+00 6.000000000000000000e+01 1.287009378116475526e-02
3.000000000000000000e+00 7.000000000000000000e+01 5.685611508055345986e-01
7.000000000000000000e+00 7.000000000000000000e+01 1.276398091342587256e-02
3.000000000000000000e+00 8.000000000000000000e+01 5.685611338142619875e-01
7.000000000000000000e+00 8.000000000000000000e+01 1.280095928621739418e-02
3.000000000000000000e+00 9.000000000000000000e+01 5.685611325620679724e-01
7.000000000000000000e+00 9.000000000000000000e+01 1.279224278755749372e-02
