3.000000000000000000e+00 1.000000000000000000e+01 5.675589250040574685e-01
7.000000000000000000e+00 1.000000000000000000e+01 4.758682596388461583e-01
3.000000000000000000e+00 2.000000000000000000e+01 5.968130179558529536e-01
7.000000000000000000e+00 2.000000000000000000e+01 5.058546537162020851e-01
3.000000000000000000e+00 3.000000000000000000e+01 5.986856842971780557e-01
7.000000000000000000e+00 3.000000000000000000e+01 5.075087035833983906e-01
3.000000000000000000e+00 4.000000000000000000e+01 5.987834663814630698e-01
7.000000000000000000e+00 4.000000000000000000e+01 5.075529816874266853e-01
3.000000000000000000e+00 5.000000000000000000e+01 5.987875682495612528e-01
7.000000000000000000e+00 5.000000000000000000e+01 5.075501888595467248e-01
3.000000000000000000e+00 6.000000000000000000e+01 5.987876821846013220e-01
7.000000000000000000e+00 6.000000000000000000e+01 5.075496571675764956e-01
3.000000000000000000e+00 7.000000000000000000e+01 5.987876811423564760e-01
7.000000000000000000e+00 7.000000000000000000e+01 5.075496093185702939e-01
3.000000000000000000e+00 8.000000000000000000e+01 5.987876806920442441e-01
7.000000000000000000e+00 8.000000000000000000e+01 5.075496063455592344e-01
3.000000000000000000e+00 9.000000000000000000e+01 5.987876806501056803e-01
7.000000000000000000e+00 9.000000000000000000e+01 5.075496062312744305e-01
