3.000000000000000000e+00 1.000000000000000000e+01 5.762720980068304355e-01
7.000000000000000000e+00 1.000000000000000000e+01 4.355023093413533664e-01
3.000000000000000000e+00 2.000000000000000000e+01 6.070506201220994269e-01
7.000000000000000000e+00 2.000000000000000000e+01 4.955638730770240974e-01
3.000000000000000000e+00 3.000000000000000000e+01 6.090171200876155488e-01
7.000000000000000000e+00 3.000000000000000000e+01 4.973047713282638393e-01
3.000000000000000000e+00 4.000000000000000000e+01 6.091204494393377411e-01
7.000000000000000000e+00 4.000000000000000000e+01 4.973417664142818495e-01
3.000000000000000000e+00 5.000000000000000000e+01 6.091248644097135845e-01
7.000000000000000000e+00 5.000000000000000000e+01 4.973371342153590779e-01
3.000000000000000000e+00 6.000000000000000000e+01 6.091249943909591291e-01
7.000000000000000000e+00 6.000000000000000000e+01 4.973363884932572865e-01
3.000000000000000000e+00 7.000000000000000000e+01 6.091249940282804642e-01
7.000000000000000000e+00 7.000000000000000000e+01 4.973363233712568832e-01
3.000000000000000000e+00 8.000000000000000000e+01 6.091249935949649696e-01
7.000000000000000000e+00 8.000000000000000000e+01 4.973363194541095544e-01
3.000000000000000000e+00 9.000000000000000000e+01 6.091249935523579406e-01
7.000000000000000000e+00 9.000000000000000000e+01 4.973363193236075563e-01
