3.000000000000000000e+00 1.000000000000000000e+01 4.720171217017626319e-01
7.000000000000000000e+00 1.000000000000000000e+01 4.913028114351872255e-02
3.000000000000000000e+00 2.000000000000000000e+01 5.638989918320979067e-01
7.000000000000000000e+00 2.000000000000000000e+01 5.986088185127624688e-03
3.000000000000000000e+00 3.000000000000000000e+01 5.684305780254045315e-01
7.000000000000000000e+00 3.000000000000000000e+01 1.335986382615078800e-02
3.000000000000000000e+00 4.000000000000000000e+01 5.686420626381295529e-01
7.000000000000000000e+00 4.000000000000000000e+01 1.381898983113492331e-02
3.000000000000000000e+00 5.000000000000000000e+01 5.686432692126368593e-01
7.000000000000000000e+00 5.000000000000000000e+01 1.232656310250766427e-02
3.000000000000000000e+00 6.000000000000000000e+01 5.686421541466605278e-01
7.000000000000000000e+00 6.000000000000000000e+01 1.250502193867161251e-02
3.000000000000000000e+00 7.000000000000000000e+01 5.686419954297006196e-01
7.000000000000000000e+00 7.000000000000000000e+01 1.240880300267433074e-02
3.000000000000000000e+00 8.000000000000000000e+01 5.686419806174697333e-01
7.000000000000000000e+00 8.000000000000000000e+01 1.244470497085410111e-02
3.000000000000000000e+00 9.000000000000000000e+01 5.686419795655219822e-01
7.000000000000000000e+00 9.000000000000000000e+01 1.243504967638960589e-02
