3.000000000000000000e+00 1.000000000000000000e+01 5.622112339276132964e-01
7.000000000000000000e+00 1.000000000000000000e+01 1.473009587919744678e-01
3.000000000000000000e+00 2.000000000000000000e+01 6.050589512816662019e-01
7.000000000000000000e+00 2.000000000000000000e+01 1.101765333007266867e-01
3.000000000000000000e+00 3.000000000000000000e+01 6.079667587434605114e-01
7.000000000000000000e+00 3.000000000000000000e+01 7.154543091560115753e-02
3.000000000000000000e+00 4.000000000000000000e+01 6.081250443045768117e-01
7.000000000000000000e+00 4.000000000000000000e+01 7.934190845047370266e-02
3.000000000000000000e+00 5.000000000000000000e+01 6.081316281028766868e-01
7.000000000000000000e+00 5.000000000000000000e+01 7.961818068769252466e-02
3.000000000000000000e+00 6.000000000000000000e+01 6.081317590211564594e-01
7.000000000000000000e+00 6.000000000000000000e+01 7.955414617247291709e-02
3.000000000000000000e+00 7.000000000000000000e+01 6.081317483919527200e-01
7.000000000000000000e+00 7.000000000000000000e+01 7.954323803901665324e-02
3.000000000000000000e+00 8.000000000000000000e+01 6.081317466920704851e-01
7.000000000000000000e+00 8.000000000000000000e+01 7.954695296636661583e-02
3.000000000000000000e+00 9.000000000000000000e+01 6.081317465417862556e-01
7.000000000000000000e+00 9.000000000000000000e+01 7.954732789453132502e-02
