3.000000000000000000e+00 1.000000000000000000e+01 5.576013488689828268e-01
7.000000000000000000e+00 1.000000000000000000e+01 2.085170818839642837e-01
3.000000000000000000e+00 2.000000000000000000e+01 5.992990066760974788e-01
7.000000000000000000e+00 2.000000000000000000e+01 3.182182900761565403e-01
3.000000000000000000e+00 3.000000000000000000e+01 6.021893441777951272e-01
7.000000000000000000e+00 3.000000000000000000e+01 3.168630208564774953e-01
3.000000000000000000e+00 4.000000000000000000e+01 6.023497189153408371e-01
7.000000000000000000e+00 4.000000000000000000e+01 3.006834951881860452e-01
3.000000000000000000e+00 5.000000000000000000e+01 6.023565025588796251e-01
7.000000000000000000e+00 5.000000000000000000e+01 3.006013113180549534e-01
3.000000000000000000e+00 6.000000000000000000e+01 6.023566387373789910e-01
7.000000000000000000e+00 6.000000000000000000e+01 3.005999325811263834e-01
3.000000000000000000e+00 7.000000000000000000e+01 6.023566272925880982e-01
7.000000000000000000e+00 7.000000000000000000e+01 3.006010106139134774e-01
3.000000000000000000e+00 8.000000000000000000e+01 6.023566254444073786e-01
7.000000000000000000e+00 8.000000000000000000e+01 3.006011994660486852e-01
3.000000000000000000e+00 9.000000000000000000e+01 6.023566252789762654e-01
7.000000000000000000e+00 9.000000000000000000e+01 3.006012118050268023e-01
