3.000000000000000000e+00 1.000000000000000000e+01 5.760416144119958615e-01
7.000000000000000000e+00 1.000000000000000000e+01 4.353437484687953107e-01
3.000000000000000000e+00 2.000000000000000000e+01 6.069647567925570142e-01
7.000000000000000000e+00 2.000000000000000000e+01 4.955702521966627860e-01
3.000000000000000000e+00 3.000000000000000000e+01 6.089511007398673570e-01
7.000000000000000000e+00 3.000000000000000000e+01 4.973327072907351432e-01
3.000000000000000000e+00 4.000000000000000000e+01 6.090560894115731871e-01
7.000000000000000000e+00 4.000000000000000000e+01 4.973708594028090069e-01
3.000000000000000000e+00 5.000000000000000000e+01 6.090606066667124674e-01
7.000000000000000000e+00 5.000000000000000000e+01 4.973661941461476332e-01
3.000000000000000000e+00 6.000000000000000000e+01 6.090607411222563883e-01
7.000000000000000000e+00 6.000000000000000000e+01 4.973654337934750869e-01
3.000000000000000000e+00 7.000000000000000000e+01 6.090607408333699180e-01
7.000000000000000000e+00 7.000000000000000000e+01 4.973653668412277851e-01
3.000000000000000000e+00 8.000000000000000000e+01 6.090607403896113325e-01
7.000000000000000000e+00 8.000000000000000000e+01 4.973653627752717687e-01
3.000000000000000000e+00 9.000000000000000000e+01 6.090607403454989521e-01
7.000000000000000000e+00 9.000000000000000000e+01 4.973653626370871383e-01
