3.000000000000000000e+00 1.000000000000000000e+01 4.717024874841656557e-01
7.000000000000000000e+00 1.000000000000000000e+01 4.931936366541522787e-02
3.000000000000000000e+00 2.000000000000000000e+01 5.638379104018608201e-01
7.000000000000000000e+00 2.000000000000000000e+01 6.822095466032696183e-03
3.000000000000000000e+00 3.000000000000000000e+01 5.684109619431088056e-01
7.000000000000000000e+00 3.000000000000000000e+01 1.342157812112443165e-02
3.000000000000000000e+00 4.000000000000000000e+01 5.686259380993619050e-01
7.000000000000000000e+00 4.000000000000000000e+01 1.390527623384545108e-02
3.000000000000000000e+00 5.000000000000000000e+01 5.686272736252847571e-01
7.000000000000000000e+00 5.000000000000000000e+01 1.239247522019363418e-02
3.000000000000000000e+00 6.000000000000000000e+01 5.686261453685893530e-01
7.000000000000000000e+00 6.000000000000000000e+01 1.257742884750814513e-02
3.000000000000000000e+00 7.000000000000000000e+01 5.686259833375092443e-01
7.000000000000000000e+00 7.000000000000000000e+01 1.247917702546778862e-02
3.000000000000000000e+00 8.000000000000000000e+01 5.686259681119858467e-01
7.000000000000000000e+00 8.000000000000000000e+01 1.251535665373726403e-02
3.000000000000000000e+00 9.000000000000000000e+01 5.686259670226149199e-01
7.000000000000000000e+00 9.000000000000000000e+01 1.250585285012053086e-02
