3.000000000000000000e+00 1.000000000000000000e+01 5.611647796544799727e-01
7.000000000000000000e+00 1.000000000000000000e+01 1.479472206824320180e-01
3.000000000000000000e+00 2.000000000000000000e+01 6.047649803067050023e-01
7.000000000000000000e+00 2.000000000000000000e+01 1.208087895829943470e-01
3.000000000000000000e+00 3.000000000000000000e+01 6.077852744063614310e-01
7.000000000000000000e+00 3.000000000000000000e+01 7.911764753956333773e-02
3.000000000000000000e+00 4.000000000000000000e+01 6.079535164981417772e-01
7.000000000000000000e+00 4.000000000000000000e+01 8.010991812975819248e-02
3.000000000000000000e+00 5.000000000000000000e+01 6.079607262491029118e-01
7.000000000000000000e+00 5.000000000000000000e+01 8.041137570914481947e-02
3.000000000000000000e+00 6.000000000000000000e+01 6.079608811669294788e-01
7.000000000000000000e+00 6.000000000000000000e+01 8.034753350819497097e-02
3.000000000000000000e+00 7.000000000000000000e+01 6.079608701387705372e-01
7.000000000000000000e+00 7.000000000000000000e+01 8.033476452482918306e-02
3.000000000000000000e+00 8.000000000000000000e+01 6.079608682548521825e-01
7.000000000000000000e+00 8.000000000000000000e+01 8.033856202183448092e-02
3.000000000000000000e+00 9.000000000000000000e+01 6.079608680827897071e-01
7.000000000000000000e+00 9.000000000000000000e+01 8.033905620491625654e-02
