3.000000000000000000e+00 1.000000000000000000e+01 5.369037473188690290e-01
7.000000000000000000e+00 1.000000000000000000e+01 8.746052148354920008e-02
3.000000000000000000e+00 2.000000000000000000e+01 5.884561257232626685e-01
7.000000000000000000e+00 2.000000000000000000e+01 3.425700408621480675e-02
3.000000000000000000e+00 3.000000000000000000e+01 5.920905537936493879e-01
7.000000000000000000e+00 3.000000000000000000e+01 3.049810075679354471e-02
3.000000000000000000e+00 4.000000000000000000e+01 5.922858542145713612e-01
7.000000000000000000e+00 4.000000000000000000e+01 3.519229804186436300e-02
3.000000000000000000e+00 5.000000000000000000e+01 5.922927060125404708e-01
7.000000000000000000e+00 5.000000000000000000e+01 3.160406001620742061e-02
3.000000000000000000e+00 6.000000000000000000e+01 5.922926320042093407e-01
7.000000000000000000e+00 6.000000000000000000e+01 3.163563631435205997e-02
3.000000000000000000e+00 7.000000000000000000e+01 5.922925910383277648e-01
7.000000000000000000e+00 7.000000000000000000e+01 3.167088199405964505e-02
3.000000000000000000e+00 8.000000000000000000e+01 5.922925863827737114e-01
7.000000000000000000e+00 8.000000000000000000e+01 3.165697597030384114e-02
3.000000000000000000e+00 9.000000000000000000e+01 5.922925860054129021e-01
7.000000000000000000e+00 9.000000000000000000e+01 3.165844237485879176e-02
