3.000000000000000000e+00 1.000000000000000000e+01 5.744052234026737480e-01
7.000000000000000000e+00 1.000000000000000000e+01 4.889381074703447183e-01
3.000000000000000000e+00 2.000000000000000000e+01 6.001568775760897090e-01
7.000000000000000000e+00 2.000000000000000000e+01 5.163211987137108494e-01
3.000000000000000000e+00 3.000000000000000000e+01 6.017712107992917447e-01
7.000000000000000000e+00 3.000000000000000000e+01 5.178163724772422150e-01
3.000000000000000000e+00 4.000000000000000000e+01 6.018537463191270254e-01
7.000000000000000000e+00 4.000000000000000000e+01 5.178603282722507029e-01
3.000000000000000000e+00 5.000000000000000000e+01 6.018571564918171468e-01
7.000000000000000000e+00 5.000000000000000000e+01 5.178587243691885611e-01
3.000000000000000000e+00 6.000000000000000000e+01 6.018572531212904586e-01
7.000000000000000000e+00 6.000000000000000000e+01 5.178583615090666115e-01
3.000000000000000000e+00 7.000000000000000000e+01 6.018572528542156519e-01
7.000000000000000000e+00 7.000000000000000000e+01 5.178583287654970890e-01
3.000000000000000000e+00 8.000000000000000000e+01 6.018572525574634735e-01
7.000000000000000000e+00 8.000000000000000000e+01 5.178583267427597780e-01
3.000000000000000000e+00 9.000000000000000000e+01 6.018572525296561615e-01
7.000000000000000000e+00 9.000000000000000000e+01 5.178583266619305459e-01
