3.000000000000000000e+00 1.000000000000000000e+01 5.578619489094194250e-01
7.000000000000000000e+00 1.000000000000000000e+01 1.979703099678798706e-01
3.000000000000000000e+00 2.000000000000000000e+01 5.993769791250705969e-01
7.000000000000000000e+00 2.000000000000000000e+01 3.180551119655670167e-01
3.000000000000000000e+00 3.000000000000000000e+01 6.022397522023227312e-01
7.000000000000000000e+00 3.000000000000000000e+01 3.012226614311626638e-01
3.000000000000000000e+00 4.000000000000000000e+01 6.023976714582118808e-01
7.000000000000000000e+00 4.000000000000000000e+01 2.399834855614867979e-01
3.000000000000000000e+00 5.000000000000000000e+01 6.024043005453140198e-01
7.000000000000000000e+00 5.000000000000000000e+01 2.399318278591470455e-01
3.000000000000000000e+00 6.000000000000000000e+01 6.024044308817025906e-01
7.000000000000000000e+00 6.000000000000000000e+01 2.399444164606147623e-01
3.000000000000000000e+00 7.000000000000000000e+01 6.024044195536032431e-01
7.000000000000000000e+00 7.000000000000000000e+01 2.399473070659578211e-01
3.000000000000000000e+00 8.000000000000000000e+01 6.024044177531445721e-01
7.000000000000000000e+00 8.000000000000000000e+01 2.399474654451673183e-01
3.000000000000000000e+00 9.000000000000000000e+01 6.024044175932992129e-01
7.000000000000000000e+00 9.000000000000000000e+01 2.399474286278198143e-01
