3.000000000000000000e+00 1.000000000000000000e+01 5.573397180799887218e-01
7.000000000000000000e+00 1.000000000000000000e+01 2.085970390477955294e-01
3.000000000000000000e+00 2.000000000000000000e+01 5.992206634640334650e-01
7.000000000000000000e+00 2.000000000000000000e+01 3.333549378047175882e-01
3.000000000000000000e+00 3.000000000000000000e+01 6.021388172756955148e-01
7.000000000000000000e+00 3.000000000000000000e+01 3.170374998333130301e-01
3.000000000000000000e+00 4.000000000000000000e+01 6.023016841974818680e-01
7.000000000000000000e+00 4.000000000000000000e+01 3.163919520290231491e-01
3.000000000000000000e+00 5.000000000000000000e+01 6.023086257942688038e-01
7.000000000000000000e+00 5.000000000000000000e+01 3.163106111975385604e-01
3.000000000000000000e+00 6.000000000000000000e+01 6.023087680159244783e-01
7.000000000000000000e+00 6.000000000000000000e+01 3.163074073871380287e-01
3.000000000000000000e+00 7.000000000000000000e+01 6.023087564572062735e-01
7.000000000000000000e+00 7.000000000000000000e+01 3.163081062580208602e-01
3.000000000000000000e+00 8.000000000000000000e+01 6.023087545601751858e-01
7.000000000000000000e+00 8.000000000000000000e+01 3.163082628206131952e-01
3.000000000000000000e+00 9.000000000000000000e+01 6.023087543889709128e-01
7.000000000000000000e+00 9.000000000000000000e+01 3.163082769948296069e-01
