3.000000000000000000e+00 1.000000000000000000e+01 4.175804016479075509e-01
7.000000000000000000e+00 1.000000000000000000e+01 4.339441468226451493e-02
3.000000000000000000e+00 2.000000000000000000e+01 5.440176873569905203e-01
7.000000000000000000e+00 2.000000000000000000e+01 4.210226894994012134e-03
3.000000000000000000e+00 3.000000000000000000e+01 2.585470933327626009e-01
7.000000000000000000e+00 3.000000000000000000e+01 1.221243901165976545e-02
3.000000000000000000e+00 4.000000000000000000e+01 5.494773293609003240e-01
7.000000000000000000e+00 4.000000000000000000e+01 1.090405438766112872e-02
3.000000000000000000e+00 5.000000000000000000e+01 2.550081486297135491e-01
7.000000000000000000e+00 5.000000000000000000e+01 1.089935341285029613e-02
3.000000000000000000e+00 6.000000000000000000e+01 2.551344187269043440e-01
7.000000000000000000e+00 6.000000000000000000e+01 1.107764871179806564e-02
3.000000000000000000e+00 7.000000000000000000e+01 2.551626292567368282e-01
7.000000000000000000e+00 7.000000000000000000e+01 1.095533478888401947e-02
3.000000000000000000e+00 8.000000000000000000e+01 2.551621706978319803e-01
7.000000000000000000e+00 8.000000000000000000e+01 1.101103159349915879e-02
3.000000000000000000e+00 9.000000000000000000e+01 2.551608529609105114e-01
7.000000000000000000e+00 9.000000000000000000e+01 1.099152417002029203e-02
