3.000000000000000000e+00 1.000000000000000000e+01 5.629851688786360331e-01
7.000000000000000000e+00 1.000000000000000000e+01 1.468049773632792154e-01
3.000000000000000000e+00 2.000000000000000000e+01 6.052755885629309551e-01
7.000000000000000000e+00 2.000000000000000000e+01 1.093384965724341490e-01
3.000000000000000000e+00 3.000000000000000000e+01 6.081016572154530619e-01
7.000000000000000000e+00 3.000000000000000000e+01 7.098234762758520722e-02
3.000000000000000000e+00 4.000000000000000000e+01 6.082528501801427456e-01
7.000000000000000000e+00 4.000000000000000000e+01 7.219761425911584707e-02
3.000000000000000000e+00 5.000000000000000000e+01 6.082589986009262484e-01
7.000000000000000000e+00 5.000000000000000000e+01 7.902247211212636013e-02
3.000000000000000000e+00 6.000000000000000000e+01 6.082591135078725397e-01
7.000000000000000000e+00 6.000000000000000000e+01 7.895857170992132135e-02
3.000000000000000000e+00 7.000000000000000000e+01 6.082591032054270874e-01
7.000000000000000000e+00 7.000000000000000000e+01 7.894897615485432785e-02
3.000000000000000000e+00 8.000000000000000000e+01 6.082591016328300348e-01
7.000000000000000000e+00 8.000000000000000000e+01 7.895260849812416049e-02
3.000000000000000000e+00 9.000000000000000000e+01 6.082591014971150400e-01
7.000000000000000000e+00 9.000000000000000000e+01 7.895290238638638658e-02
