3.000000000000000000e+00 1.000000000000000000e+01 4.713866408353346027e-01
7.000000000000000000e+00 1.000000000000000000e+01 4.950855096291924273e-02
3.000000000000000000e+00 2.000000000000000000e+01 5.637763437913608788e-01
7.000000000000000000e+00 2.000000000000000000e+01 6.871308159293016728e-03
3.000000000000000000e+00 3.000000000000000000e+01 5.683912118363100285e-01
7.000000000000000000e+00 3.000000000000000000e+01 1.348327190962291325e-02
3.000000000000000000e+00 4.000000000000000000e+01 5.686097314420568427e-01
7.000000000000000000e+00 4.000000000000000000e+01 1.399203837327312253e-02
3.000000000000000000e+00 5.000000000000000000e+01 5.686111997717151478e-01
7.000000000000000000e+00 5.000000000000000000e+01 1.245865023886292590e-02
3.000000000000000000e+00 6.000000000000000000e+01 5.686100582700458483e-01
7.000000000000000000e+00 6.000000000000000000e+01 1.265014221057919261e-02
3.000000000000000000e+00 7.000000000000000000e+01 5.686098928619444104e-01
7.000000000000000000e+00 7.000000000000000000e+01 1.254988219044100330e-02
3.000000000000000000e+00 8.000000000000000000e+01 5.686098772121481737e-01
7.000000000000000000e+00 8.000000000000000000e+01 1.258630946246447335e-02
3.000000000000000000e+00 9.000000000000000000e+01 5.686098760840830879e-01
7.000000000000000000e+00 9.000000000000000000e+01 1.257697493829437393e-02
