3.000000000000000000e+00 1.000000000000000000e+01 5.683165942002148530e-01
7.000000000000000000e+00 1.000000000000000000e+01 3.912185932267079336e-01
3.000000000000000000e+00 2.000000000000000000e+01 6.048214120223472934e-01
7.000000000000000000e+00 2.000000000000000000e+01 4.556989511539933368e-01
3.000000000000000000e+00 3.000000000000000000e+01 6.072999433344159481e-01
7.000000000000000000e+00 3.000000000000000000e+01 4.575654184653123457e-01
3.000000000000000000e+00 4.000000000000000000e+01 6.074378196283484188e-01
7.000000000000000000e+00 4.000000000000000000e+01 4.575482569503067087e-01
3.000000000000000000e+00 5.000000000000000000e+01 6.074439882961180093e-01
7.000000000000000000e+00 5.000000000000000000e+01 4.575325225426112308e-01
3.000000000000000000e+00 6.000000000000000000e+01 6.074441679978194175e-01
7.000000000000000000e+00 6.000000000000000000e+01 4.575305025491315791e-01
3.000000000000000000e+00 7.000000000000000000e+01 6.074441655099138693e-01
7.000000000000000000e+00 7.000000000000000000e+01 4.575303399445750929e-01
3.000000000000000000e+00 8.000000000000000000e+01 6.074441645928430056e-01
7.000000000000000000e+00 8.000000000000000000e+01 4.575303322398197592e-01
3.000000000000000000e+00 9.000000000000000000e+01 6.074441645014786451e-01
7.000000000000000000e+00 9.000000000000000000e+01 4.575303323527928345e-01
