3.000000000000000000e+00 1.000000000000000000e+01 5.616900968550277984e-01
7.000000000000000000e+00 1.000000000000000000e+01 1.476262574726426302e-01
3.000000000000000000e+00 2.000000000000000000e+01 6.049127064344747007e-01
7.000000000000000000e+00 2.000000000000000000e+01 1.107359169345547290e-01
3.000000000000000000e+00 3.000000000000000000e+01 6.078762499712290213e-01
7.000000000000000000e+00 3.000000000000000000e+01 7.192144463343394523e-02
3.000000000000000000e+00 4.000000000000000000e+01 6.080394407174948279e-01
7.000000000000000000e+00 4.000000000000000000e+01 7.972619076390022319e-02
3.000000000000000000e+00 5.000000000000000000e+01 6.080463307752721480e-01
7.000000000000000000e+00 5.000000000000000000e+01 8.001494202633870068e-02
3.000000000000000000e+00 6.000000000000000000e+01 6.080464732956465390e-01
7.000000000000000000e+00 6.000000000000000000e+01 7.995094830071067249e-02
3.000000000000000000e+00 7.000000000000000000e+01 6.080464624609484003e-01
7.000000000000000000e+00 7.000000000000000000e+01 7.993912550732094890e-02
3.000000000000000000e+00 8.000000000000000000e+01 6.080464606711568631e-01
7.000000000000000000e+00 8.000000000000000000e+01 7.994288595664117425e-02
3.000000000000000000e+00 9.000000000000000000e+01 6.080464605103371722e-01
7.000000000000000000e+00 9.000000000000000000e+01 7.994331889654855694e-02
