3.000000000000000000e+00 1.000000000000000000e+01 5.678200692884498579e-01
7.000000000000000000e+00 1.000000000000000000e+01 3.909507635426438532e-01
3.000000000000000000e+00 2.000000000000000000e+01 6.046568654256074815e-01
7.000000000000000000e+00 2.000000000000000000e+01 4.557852019365696283e-01
3.000000000000000000e+00 3.000000000000000000e+01 6.071843020809546410e-01
7.000000000000000000e+00 3.000000000000000000e+01 4.577021213295169866e-01
3.000000000000000000e+00 4.000000000000000000e+01 6.073265366447105906e-01
7.000000000000000000e+00 4.000000000000000000e+01 4.576868109399263029e-01
3.000000000000000000e+00 5.000000000000000000e+01 6.073329899520121256e-01
7.000000000000000000e+00 5.000000000000000000e+01 4.576707119341191232e-01
3.000000000000000000e+00 6.000000000000000000e+01 6.073331825155181551e-01
7.000000000000000000e+00 6.000000000000000000e+01 4.576686089353424469e-01
3.000000000000000000e+00 7.000000000000000000e+01 6.073331801813742770e-01
7.000000000000000000e+00 7.000000000000000000e+01 4.576684367109757900e-01
3.000000000000000000e+00 8.000000000000000000e+01 6.073331792190009848e-01
7.000000000000000000e+00 8.000000000000000000e+01 4.576684283088351957e-01
3.000000000000000000e+00 9.000000000000000000e+01 6.073331791212129849e-01
7.000000000000000000e+00 9.000000000000000000e+01 4.576684284049585827e-01
