2.000000000000000000e+00 1.000000000000000000e+01 5.809944566079370265e-01
6.000000000000000000e+00 1.000000000000000000e+01 5.225973760892018705e-01
2.000000000000000000e+00 2.000000000000000000e+01 5.947034850778497583e-01
6.000000000000000000e+00 2.000000000000000000e+01 5.503226784673088678e-01
2.000000000000000000e+00 3.000000000000000000e+01 5.964064895893272933e-01
6.000000000000000000e+00 3.000000000000000000e+01 5.519650871898363897e-01
2.000000000000000000e+00 4.000000000000000000e+01 5.964952548208313221e-01
6.000000000000000000e+00 4.000000000000000000e+01 5.520329334584501701e-01
2.000000000000000000e+00 5.000000000000000000e+01 5.964990786709131187e-01
6.000000000000000000e+00 5.000000000000000000e+01 5.520339144361652295e-01
2.000000000000000000e+00 6.000000000000000000e+01 5.964992013829900630e-01
6.000000000000000000e+00 6.000000000000000000e+01 5.520337621893248725e-01
2.000000000000000000e+00 7.000000000000000000e+01 5.964992026511993783e-01
6.000000000000000000e+00 7.000000000000000000e+01 5.520337423444651170e-01
2.000000000000000000e+00 8.000000000000000000e+01 5.964992024365234347e-01
6.000000000000000000e+00 8.000000000000000000e+01 5.520337408155729930e-01
2.000000000000000000e+00 9.000000000000000000e+01 5.964992024125161940e-01
6.000000000000000000e+00 9.000000000000000000e+01 5.520337407284304776e-01
