3.000000000000000000e+00 1.000000000000000000e+01 5.112657189662584978e-01
7.000000000000000000e+00 1.000000000000000000e+01 6.596125673720175386e-02
3.000000000000000000e+00 2.000000000000000000e+01 5.810485826925416708e-01
7.000000000000000000e+00 2.000000000000000000e+01 1.990926871552406788e-02
3.000000000000000000e+00 3.000000000000000000e+01 5.849332033764188532e-01
7.000000000000000000e+00 3.000000000000000000e+01 2.206064116724516799e-02
3.000000000000000000e+00 4.000000000000000000e+01 5.851315630330236051e-01
7.000000000000000000e+00 4.000000000000000000e+01 2.519531267838360372e-02
3.000000000000000000e+00 5.000000000000000000e+01 5.851370266920725705e-01
7.000000000000000000e+00 5.000000000000000000e+01 2.229452071625884907e-02
3.000000000000000000e+00 6.000000000000000000e+01 5.851367274080355729e-01
7.000000000000000000e+00 6.000000000000000000e+01 2.247400745642527328e-02
3.000000000000000000e+00 7.000000000000000000e+01 5.851366631261335494e-01
7.000000000000000000e+00 7.000000000000000000e+01 2.245778306822746040e-02
3.000000000000000000e+00 8.000000000000000000e+01 5.851366565946487519e-01
7.000000000000000000e+00 8.000000000000000000e+01 2.244705914138228620e-02
3.000000000000000000e+00 9.000000000000000000e+01 5.851366560983258802e-01
7.000000000000000000e+00 9.000000000000000000e+01 2.245325928445447011e-02
