3.000000000000000000e+00 1.000000000000000000e+01 5.758102520772570010e-01
7.000000000000000000e+00 1.000000000000000000e+01 4.491210185218136863e-01
3.000000000000000000e+00 2.000000000000000000e+01 6.068785936042666584e-01
7.000000000000000000e+00 2.000000000000000000e+01 4.955760094952699202e-01
3.000000000000000000e+00 3.000000000000000000e+01 6.088849728697355301e-01
7.000000000000000000e+00 3.000000000000000000e+01 4.973602619687208515e-01
3.000000000000000000e+00 4.000000000000000000e+01 6.089916466891114322e-01
7.000000000000000000e+00 4.000000000000000000e+01 4.973995962485427413e-01
3.000000000000000000e+00 5.000000000000000000e+01 6.089962685123972985e-01
7.000000000000000000e+00 5.000000000000000000e+01 4.973948984615788049e-01
3.000000000000000000e+00 6.000000000000000000e+01 6.089964075834140012e-01
7.000000000000000000e+00 6.000000000000000000e+01 4.973941232291174130e-01
3.000000000000000000e+00 7.000000000000000000e+01 6.089964073731537475e-01
7.000000000000000000e+00 7.000000000000000000e+01 4.973940543983386142e-01
3.000000000000000000e+00 8.000000000000000000e+01 6.089964069187718820e-01
7.000000000000000000e+00 8.000000000000000000e+01 4.973940501782778689e-01
3.000000000000000000e+00 9.000000000000000000e+01 6.089964068731026359e-01
7.000000000000000000e+00 9.000000000000000000e+01 4.973940500320298552e-01
