3.000000000000000000e+00 1.000000000000000000e+01 5.751108570752763161e-01
7.000000000000000000e+00 1.000000000000000000e+01 4.486137795332026390e-01
3.000000000000000000e+00 2.000000000000000000e+01 6.066182829874953164e-01
7.000000000000000000e+00 2.000000000000000000e+01 4.955895146601502210e-01
3.000000000000000000e+00 3.000000000000000000e+01 6.086859335723322495e-01
7.000000000000000000e+00 3.000000000000000000e+01 4.974406267487918587e-01
3.000000000000000000e+00 4.000000000000000000e+01 6.087978217129146330e-01
7.000000000000000000e+00 4.000000000000000000e+01 4.974836630660954273e-01
3.000000000000000000e+00 5.000000000000000000e+01 6.088027714391821554e-01
7.000000000000000000e+00 5.000000000000000000e+01 4.974788711843494138e-01
3.000000000000000000e+00 6.000000000000000000e+01 6.088029252462838770e-01
7.000000000000000000e+00 6.000000000000000000e+01 4.974780497861421846e-01
3.000000000000000000e+00 7.000000000000000000e+01 6.088029253031982391e-01
7.000000000000000000e+00 7.000000000000000000e+01 4.974779750181519966e-01
3.000000000000000000e+00 8.000000000000000000e+01 6.088029248158606244e-01
7.000000000000000000e+00 8.000000000000000000e+01 4.974779703021985355e-01
3.000000000000000000e+00 9.000000000000000000e+01 6.088029247652040343e-01
7.000000000000000000e+00 9.000000000000000000e+01 4.974779701292940115e-01
