3.000000000000000000e+00 1.000000000000000000e+01 5.684878672519921849e-01
7.000000000000000000e+00 1.000000000000000000e+01 4.766060533082536188e-01
3.000000000000000000e+00 2.000000000000000000e+01 5.971879997354057057e-01
7.000000000000000000e+00 2.000000000000000000e+01 5.059263706199215171e-01
3.000000000000000000e+00 3.000000000000000000e+01 5.989852752012447823e-01
7.000000000000000000e+00 3.000000000000000000e+01 5.075005626526025715e-01
3.000000000000000000e+00 4.000000000000000000e+01 5.990768644937601861e-01
7.000000000000000000e+00 4.000000000000000000e+01 5.075403547246379876e-01
3.000000000000000000e+00 5.000000000000000000e+01 5.990805959168203909e-01
7.000000000000000000e+00 5.000000000000000000e+01 5.075376054738804932e-01
3.000000000000000000e+00 6.000000000000000000e+01 5.990806945903460745e-01
7.000000000000000000e+00 6.000000000000000000e+01 5.075371137545872102e-01
3.000000000000000000e+00 7.000000000000000000e+01 5.990806933822155900e-01
7.000000000000000000e+00 7.000000000000000000e+01 5.075370710111947181e-01
3.000000000000000000e+00 8.000000000000000000e+01 5.990806929760943422e-01
7.000000000000000000e+00 8.000000000000000000e+01 5.075370684534014076e-01
3.000000000000000000e+00 9.000000000000000000e+01 5.990806929398102554e-01
7.000000000000000000e+00 9.000000000000000000e+01 5.075370683613507072e-01
