3.000000000000000000e+00 1.000000000000000000e+01 5.239284744141764483e-01
7.000000000000000000e+00 1.000000000000000000e+01 7.187025823946512071e-02
3.000000000000000000e+00 2.000000000000000000e+01 5.807111874786258232e-01
7.000000000000000000e+00 2.000000000000000000e+01 2.053593101478128416e-02
3.000000000000000000e+00 3.000000000000000000e+01 5.847790407281548974e-01
7.000000000000000000e+00 3.000000000000000000e+01 2.248136752330017266e-02
3.000000000000000000e+00 4.000000000000000000e+01 5.849934014661521964e-01
7.000000000000000000e+00 4.000000000000000000e+01 2.579306268571884830e-02
3.000000000000000000e+00 5.000000000000000000e+01 5.849997026016242607e-01
7.000000000000000000e+00 5.000000000000000000e+01 2.282026496231342322e-02
3.000000000000000000e+00 6.000000000000000000e+01 5.849994012695184376e-01
7.000000000000000000e+00 6.000000000000000000e+01 2.299931090581988982e-02
3.000000000000000000e+00 7.000000000000000000e+01 5.849993303760711028e-01
7.000000000000000000e+00 7.000000000000000000e+01 2.298977672846104492e-02
3.000000000000000000e+00 8.000000000000000000e+01 5.849993228886654073e-01
7.000000000000000000e+00 8.000000000000000000e+01 2.297584462628204233e-02
3.000000000000000000e+00 9.000000000000000000e+01 5.849993222991919373e-01
7.000000000000000000e+00 9.000000000000000000e+01 2.298271801074031756e-02
