3.000000000000000000e+00 1.000000000000000000e+01 4.172610570298943000e-01
7.000000000000000000e+00 1.000000000000000000e+01 4.356952229717635933e-02
3.000000000000000000e+00 2.000000000000000000e+01 5.439581795777668205e-01
7.000000000000000000e+00 2.000000000000000000e+01 4.238328057524952223e-03
3.000000000000000000e+00 3.000000000000000000e+01 2.586173951767407608e-01
7.000000000000000000e+00 3.000000000000000000e+01 1.226699084973413047e-02
3.000000000000000000e+00 4.000000000000000000e+01 2.551747031829256773e-01
7.000000000000000000e+00 4.000000000000000000e+01 1.097679759851104275e-02
3.000000000000000000e+00 5.000000000000000000e+01 2.550417562858542930e-01
7.000000000000000000e+00 5.000000000000000000e+01 1.095569163864907984e-02
3.000000000000000000e+00 6.000000000000000000e+01 2.551686758844208813e-01
7.000000000000000000e+00 6.000000000000000000e+01 1.114270591447445898e-02
3.000000000000000000e+00 7.000000000000000000e+01 2.551974710384567469e-01
7.000000000000000000e+00 7.000000000000000000e+01 1.101701112270958051e-02
3.000000000000000000e+00 8.000000000000000000e+01 2.551970937121573746e-01
7.000000000000000000e+00 8.000000000000000000e+01 1.107354098846374292e-02
3.000000000000000000e+00 9.000000000000000000e+01 2.551957584246356547e-01
7.000000000000000000e+00 9.000000000000000000e+01 1.105405647736487640e-02
