3.000000000000000000e+00 1.000000000000000000e+01 4.182154874362675745e-01
7.000000000000000000e+00 1.000000000000000000e+01 4.304489911382541889e-02
3.000000000000000000e+00 2.000000000000000000e+01 5.441350846439680922e-01
7.000000000000000000e+00 2.000000000000000000e+01 4.155264770945060054e-03
3.000000000000000000e+00 3.000000000000000000e+01 2.584068661705806180e-01
7.000000000000000000e+00 3.000000000000000000e+01 1.210324234206804420e-02
3.000000000000000000e+00 4.000000000000000000e+01 2.714324002845894257e-01
7.000000000000000000e+00 4.000000000000000000e+01 1.076020535819961939e-02
3.000000000000000000e+00 5.000000000000000000e+01 2.712089714585024236e-01
7.000000000000000000e+00 5.000000000000000000e+01 1.078738823492735553e-02
3.000000000000000000e+00 6.000000000000000000e+01 2.712935384458018961e-01
7.000000000000000000e+00 6.000000000000000000e+01 1.094851687599015036e-02
3.000000000000000000e+00 7.000000000000000000e+01 2.713181731083909587e-01
7.000000000000000000e+00 7.000000000000000000e+01 1.083299398974246243e-02
3.000000000000000000e+00 8.000000000000000000e+01 2.713194421358223196e-01
7.000000000000000000e+00 8.000000000000000000e+01 1.088692518623565753e-02
3.000000000000000000e+00 9.000000000000000000e+01 2.713187069589284017e-01
7.000000000000000000e+00 9.000000000000000000e+01 1.086744909565529049e-02
