3.000000000000000000e+00 1.000000000000000000e+01 5.753448769780276084e-01
7.000000000000000000e+00 1.000000000000000000e+01 4.487843078830779375e-01
3.000000000000000000e+00 2.000000000000000000e+01 6.067053589123276858e-01
7.000000000000000000e+00 2.000000000000000000e+01 4.955856443376290832e-01
3.000000000000000000e+00 3.000000000000000000e+01 6.087523897478913648e-01
7.000000000000000000e+00 3.000000000000000000e+01 4.974142228615371364e-01
3.000000000000000000e+00 4.000000000000000000e+01 6.088625129048619300e-01
7.000000000000000000e+00 4.000000000000000000e+01 4.974559987678346396e-01
3.000000000000000000e+00 5.000000000000000000e+01 6.088673509128493810e-01
7.000000000000000000e+00 5.000000000000000000e+01 4.974512376341379549e-01
3.000000000000000000e+00 6.000000000000000000e+01 6.088674996552602137e-01
7.000000000000000000e+00 6.000000000000000000e+01 4.974504318820150428e-01
3.000000000000000000e+00 7.000000000000000000e+01 6.088674996176631771e-01
7.000000000000000000e+00 7.000000000000000000e+01 4.974503591445819106e-01
3.000000000000000000e+00 8.000000000000000000e+01 6.088674991414904092e-01
7.000000000000000000e+00 8.000000000000000000e+01 4.974503545997087106e-01
3.000000000000000000e+00 9.000000000000000000e+01 6.088674990925512231e-01
7.000000000000000000e+00 9.000000000000000000e+01 4.974503544361184026e-01
