3.000000000000000000e+00 1.000000000000000000e+01 5.118629994878487466e-01
7.000000000000000000e+00 1.000000000000000000e+01 6.555108415304337910e-02
3.000000000000000000e+00 2.000000000000000000e+01 5.811804577141268524e-01
7.000000000000000000e+00 2.000000000000000000e+01 1.966419669664386249e-02
3.000000000000000000e+00 3.000000000000000000e+01 5.849939788589143541e-01
7.000000000000000000e+00 3.000000000000000000e+01 2.189229655149179526e-02
3.000000000000000000e+00 4.000000000000000000e+01 5.851862577286758293e-01
7.000000000000000000e+00 4.000000000000000000e+01 2.495787281672567567e-02
3.000000000000000000e+00 5.000000000000000000e+01 5.851914131226966242e-01
7.000000000000000000e+00 5.000000000000000000e+01 2.208647666109122762e-02
3.000000000000000000e+00 6.000000000000000000e+01 5.851911154747423405e-01
7.000000000000000000e+00 6.000000000000000000e+01 2.226548624990771705e-02
3.000000000000000000e+00 7.000000000000000000e+01 5.851910536871269830e-01
7.000000000000000000e+00 7.000000000000000000e+01 2.224690315402597096e-02
3.000000000000000000e+00 8.000000000000000000e+01 5.851910475045780657e-01
7.000000000000000000e+00 8.000000000000000000e+01 2.223740387524050094e-02
3.000000000000000000e+00 9.000000000000000000e+01 5.851910470413907994e-01
7.000000000000000000e+00 9.000000000000000000e+01 2.224331333368844213e-02
