2.000000000000000000e+00 1.000000000000000000e+01 5.788907474033045952e-01
6.000000000000000000e+00 1.000000000000000000e+01 5.217987987561443219e-01
2.000000000000000000e+00 2.000000000000000000e+01 6.038624550804637670e-01
6.000000000000000000e+00 2.000000000000000000e+01 5.492531154591342446e-01
2.000000000000000000e+00 3.000000000000000000e+01 6.054338150345932590e-01
6.000000000000000000e+00 3.000000000000000000e+01 5.508676508848291409e-01
2.000000000000000000e+00 4.000000000000000000e+01 6.055156012042421931e-01
6.000000000000000000e+00 4.000000000000000000e+01 5.509334431682931799e-01
2.000000000000000000e+00 5.000000000000000000e+01 6.055191628562031081e-01
6.000000000000000000e+00 5.000000000000000000e+01 5.509343255849706855e-01
2.000000000000000000e+00 6.000000000000000000e+01 6.055192830549364080e-01
6.000000000000000000e+00 6.000000000000000000e+01 5.509341726779295456e-01
2.000000000000000000e+00 7.000000000000000000e+01 6.055192850098704005e-01
6.000000000000000000e+00 7.000000000000000000e+01 5.509341532978968559e-01
2.000000000000000000e+00 8.000000000000000000e+01 6.055192848783653714e-01
6.000000000000000000e+00 8.000000000000000000e+01 5.509341518302979246e-01
2.000000000000000000e+00 9.000000000000000000e+01 6.055192848608813572e-01
6.000000000000000000e+00 9.000000000000000000e+01 5.509341517482925221e-01
