3.000000000000000000e+00 1.000000000000000000e+01 5.670892716335615980e-01
7.000000000000000000e+00 1.000000000000000000e+01 4.754909629050698694e-01
3.000000000000000000e+00 2.000000000000000000e+01 5.966237422417010050e-01
7.000000000000000000e+00 2.000000000000000000e+01 5.058150841426402033e-01
3.000000000000000000e+00 3.000000000000000000e+01 5.985352275790206678e-01
7.000000000000000000e+00 3.000000000000000000e+01 5.075104347277973327e-01
3.000000000000000000e+00 4.000000000000000000e+01 5.986362563026590422e-01
7.000000000000000000e+00 4.000000000000000000e+01 5.075571004323106150e-01
3.000000000000000000e+00 5.000000000000000000e+01 5.986405564172674332e-01
7.000000000000000000e+00 5.000000000000000000e+01 5.075542903026135644e-01
3.000000000000000000e+00 6.000000000000000000e+01 5.986406787581797229e-01
7.000000000000000000e+00 6.000000000000000000e+01 5.075537376115153432e-01
3.000000000000000000e+00 7.000000000000000000e+01 5.986406778222010949e-01
7.000000000000000000e+00 7.000000000000000000e+01 5.075536869997262501e-01
3.000000000000000000e+00 8.000000000000000000e+01 5.986406773483990973e-01
7.000000000000000000e+00 8.000000000000000000e+01 5.075536837959473413e-01
3.000000000000000000e+00 9.000000000000000000e+01 5.986406773033283724e-01
7.000000000000000000e+00 9.000000000000000000e+01 5.075536836688464559e-01
