3.000000000000000000e+00 1.000000000000000000e+01 5.688092480561430797e-01
7.000000000000000000e+00 1.000000000000000000e+01 3.776544583772154517e-01
3.000000000000000000e+00 2.000000000000000000e+01 6.049845967067691843e-01
7.000000000000000000e+00 2.000000000000000000e+01 4.556099725115990151e-01
3.000000000000000000e+00 3.000000000000000000e+01 6.074151254507069719e-01
7.000000000000000000e+00 3.000000000000000000e+01 4.574271103240492575e-01
3.000000000000000000e+00 4.000000000000000000e+01 6.075487727635948687e-01
7.000000000000000000e+00 4.000000000000000000e+01 4.574082064984965612e-01
3.000000000000000000e+00 5.000000000000000000e+01 6.075546688558649544e-01
7.000000000000000000e+00 5.000000000000000000e+01 4.573928322421451087e-01
3.000000000000000000e+00 6.000000000000000000e+01 6.075548364705906090e-01
7.000000000000000000e+00 6.000000000000000000e+01 4.573908922909810659e-01
3.000000000000000000e+00 7.000000000000000000e+01 6.075548338538495630e-01
7.000000000000000000e+00 7.000000000000000000e+01 4.573907388062407597e-01
3.000000000000000000e+00 8.000000000000000000e+01 6.075548329803666103e-01
7.000000000000000000e+00 8.000000000000000000e+01 4.573907317480821466e-01
3.000000000000000000e+00 9.000000000000000000e+01 6.075548328950234334e-01
7.000000000000000000e+00 9.000000000000000000e+01 4.573907318752140627e-01
