3.000000000000000000e+00 1.000000000000000000e+01 5.588941176934301147e-01
7.000000000000000000e+00 1.000000000000000000e+01 1.975768856107339988e-01
3.000000000000000000e+00 2.000000000000000000e+01 5.996852156315345406e-01
7.000000000000000000e+00 2.000000000000000000e+01 2.876404394814268684e-01
3.000000000000000000e+00 3.000000000000000000e+01 6.024402077352087881e-01
7.000000000000000000e+00 3.000000000000000000e+01 1.478154607644469876e-01
3.000000000000000000e+00 4.000000000000000000e+01 6.025886618107264558e-01
7.000000000000000000e+00 4.000000000000000000e+01 1.363147268222489605e-01
3.000000000000000000e+00 5.000000000000000000e+01 6.025947052645922453e-01
7.000000000000000000e+00 5.000000000000000000e+01 1.365337325087427334e-01
3.000000000000000000e+00 6.000000000000000000e+01 6.025948141262752467e-01
7.000000000000000000e+00 6.000000000000000000e+01 1.365613546057238004e-01
3.000000000000000000e+00 7.000000000000000000e+01 6.025948032879112626e-01
7.000000000000000000e+00 7.000000000000000000e+01 1.365558730208362159e-01
3.000000000000000000e+00 8.000000000000000000e+01 6.025948016674682606e-01
7.000000000000000000e+00 8.000000000000000000e+01 1.365545642800291004e-01
3.000000000000000000e+00 9.000000000000000000e+01 6.025948015282064363e-01
7.000000000000000000e+00 9.000000000000000000e+01 1.365546588222074920e-01
