3.000000000000000000e+00 1.000000000000000000e+01 5.755780074534246893e-01
7.000000000000000000e+00 1.000000000000000000e+01 4.489533857119545335e-01
3.000000000000000000e+00 2.000000000000000000e+01 6.067921283775932206e-01
7.000000000000000000e+00 2.000000000000000000e+01 4.955811414074127175e-01
3.000000000000000000e+00 3.000000000000000000e+01 6.088187360252658165e-01
7.000000000000000000e+00 3.000000000000000000e+01 4.973874342120551684e-01
3.000000000000000000e+00 4.000000000000000000e+01 6.089271212083953166e-01
7.000000000000000000e+00 4.000000000000000000e+01 4.974279762658717630e-01
3.000000000000000000e+00 5.000000000000000000e+01 6.089318499325189205e-01
7.000000000000000000e+00 5.000000000000000000e+01 4.974232465086753097e-01
3.000000000000000000e+00 6.000000000000000000e+01 6.089319937643831171e-01
7.000000000000000000e+00 6.000000000000000000e+01 4.974224561440996339e-01
3.000000000000000000e+00 7.000000000000000000e+01 6.089319936378089215e-01
7.000000000000000000e+00 7.000000000000000000e+01 4.974223853853268484e-01
3.000000000000000000e+00 8.000000000000000000e+01 6.089319931726212554e-01
7.000000000000000000e+00 8.000000000000000000e+01 4.974223810056880857e-01
3.000000000000000000e+00 9.000000000000000000e+01 6.089319931253435181e-01
7.000000000000000000e+00 9.000000000000000000e+01 4.974223808509769529e-01
