3.000000000000000000e+00 1.000000000000000000e+01 5.583800719891673925e-01
7.000000000000000000e+00 1.000000000000000000e+01 1.977762090752478719e-01
3.000000000000000000e+00 2.000000000000000000e+01 5.995318226500261360e-01
7.000000000000000000e+00 2.000000000000000000e+01 3.028047891159144633e-01
3.000000000000000000e+00 3.000000000000000000e+01 6.023402140775108160e-01
7.000000000000000000e+00 3.000000000000000000e+01 1.599939902737722575e-01
3.000000000000000000e+00 4.000000000000000000e+01 6.024933304080085650e-01
7.000000000000000000e+00 4.000000000000000000e+01 1.477179367161683410e-01
3.000000000000000000e+00 5.000000000000000000e+01 6.024996602948285984e-01
7.000000000000000000e+00 5.000000000000000000e+01 1.479021285346040493e-01
3.000000000000000000e+00 6.000000000000000000e+01 6.024997795264658285e-01
7.000000000000000000e+00 6.000000000000000000e+01 1.479359435676739221e-01
3.000000000000000000e+00 7.000000000000000000e+01 6.024997684390840380e-01
7.000000000000000000e+00 7.000000000000000000e+01 1.479328770632559742e-01
3.000000000000000000e+00 8.000000000000000000e+01 6.024997667307667726e-01
7.000000000000000000e+00 8.000000000000000000e+01 1.479315300632713936e-01
3.000000000000000000e+00 9.000000000000000000e+01 6.024997665815541303e-01
7.000000000000000000e+00 9.000000000000000000e+01 1.479315147316806467e-01
