3.000000000000000000e+00 1.000000000000000000e+01 4.697891064801924532e-01
7.000000000000000000e+00 1.000000000000000000e+01 5.045581848176103335e-02
3.000000000000000000e+00 2.000000000000000000e+01 5.634611088265636392e-01
7.000000000000000000e+00 2.000000000000000000e+01 7.125677369362768201e-03
3.000000000000000000e+00 3.000000000000000000e+01 5.682904212701380686e-01
7.000000000000000000e+00 3.000000000000000000e+01 1.379126001145458691e-02
3.000000000000000000e+00 4.000000000000000000e+01 5.685274619551080599e-01
7.000000000000000000e+00 4.000000000000000000e+01 1.443291981433702902e-02
3.000000000000000000e+00 5.000000000000000000e+01 5.685296552671063042e-01
7.000000000000000000e+00 5.000000000000000000e+01 1.279348021088794543e-02
3.000000000000000000e+00 6.000000000000000000e+01 5.685284468539227865e-01
7.000000000000000000e+00 6.000000000000000000e+01 1.301820978201228586e-02
3.000000000000000000e+00 7.000000000000000000e+01 5.685282635815794849e-01
7.000000000000000000e+00 7.000000000000000000e+01 1.290836245113158483e-02
3.000000000000000000e+00 8.000000000000000000e+01 5.685282456358800030e-01
7.000000000000000000e+00 8.000000000000000000e+01 1.294553665363521074e-02
3.000000000000000000e+00 9.000000000000000000e+01 5.685282442937849012e-01
7.000000000000000000e+00 9.000000000000000000e+01 1.293732718179580604e-02
