3.000000000000000000e+00 1.000000000000000000e+01 5.682569184667284334e-01
7.000000000000000000e+00 1.000000000000000000e+01 4.764236908987304342e-01
3.000000000000000000e+00 2.000000000000000000e+01 5.970946951338207409e-01
7.000000000000000000e+00 2.000000000000000000e+01 5.059093604747464390e-01
3.000000000000000000e+00 3.000000000000000000e+01 5.989105417069238158e-01
7.000000000000000000e+00 3.000000000000000000e+01 5.075031798384344039e-01
3.000000000000000000e+00 4.000000000000000000e+01 5.990036425858021873e-01
7.000000000000000000e+00 4.000000000000000000e+01 5.075440583688309859e-01
3.000000000000000000e+00 5.000000000000000000e+01 5.990074634818769450e-01
7.000000000000000000e+00 5.000000000000000000e+01 5.075412971837874876e-01
3.000000000000000000e+00 6.000000000000000000e+01 5.990075657866638092e-01
7.000000000000000000e+00 6.000000000000000000e+01 5.075407957199256082e-01
3.000000000000000000e+00 7.000000000000000000e+01 5.990075646146457711e-01
7.000000000000000000e+00 7.000000000000000000e+01 5.075407517505106103e-01
3.000000000000000000e+00 8.000000000000000000e+01 5.990075641978198639e-01
7.000000000000000000e+00 8.000000000000000000e+01 5.075407490943845135e-01
3.000000000000000000e+00 9.000000000000000000e+01 5.990075641601941836e-01
7.000000000000000000e+00 9.000000000000000000e+01 5.075407489971699437e-01
