3.000000000000000000e+00 1.000000000000000000e+01 5.695410361666531918e-01
7.000000000000000000e+00 1.000000000000000000e+01 3.780034505950263801e-01
3.000000000000000000e+00 2.000000000000000000e+01 6.052268636643183264e-01
7.000000000000000000e+00 2.000000000000000000e+01 4.554714575068868898e-01
3.000000000000000000e+00 3.000000000000000000e+01 6.075870472724368421e-01
7.000000000000000000e+00 3.000000000000000000e+01 4.572166585160502561e-01
3.000000000000000000e+00 4.000000000000000000e+01 6.077145854594483421e-01
7.000000000000000000e+00 4.000000000000000000e+01 4.571953358966202030e-01
3.000000000000000000e+00 5.000000000000000000e+01 6.077200942337890321e-01
7.000000000000000000e+00 5.000000000000000000e+01 4.571804931826563001e-01
3.000000000000000000e+00 6.000000000000000000e+01 6.077202450758490970e-01
7.000000000000000000e+00 6.000000000000000000e+01 4.571786679361967143e-01
3.000000000000000000e+00 7.000000000000000000e+01 6.077202423075988014e-01
7.000000000000000000e+00 7.000000000000000000e+01 4.571785272461812433e-01
3.000000000000000000e+00 8.000000000000000000e+01 6.077202414963411847e-01
7.000000000000000000e+00 8.000000000000000000e+01 4.571785210700294866e-01
3.000000000000000000e+00 9.000000000000000000e+01 6.077202414193250135e-01
7.000000000000000000e+00 9.000000000000000000e+01 4.571785212139568011e-01
