3.000000000000000000e+00 1.000000000000000000e+01 5.692980608503690476e-01
7.000000000000000000e+00 1.000000000000000000e+01 3.778886132982886559e-01
3.000000000000000000e+00 2.000000000000000000e+01 6.051464394172773043e-01
7.000000000000000000e+00 2.000000000000000000e+01 4.555182970205100546e-01
3.000000000000000000e+00 3.000000000000000000e+01 6.075298528014082544e-01
7.000000000000000000e+00 3.000000000000000000e+01 4.572872062052821818e-01
3.000000000000000000e+00 4.000000000000000000e+01 6.076593967197962964e-01
7.000000000000000000e+00 4.000000000000000000e+01 4.572666645893234683e-01
3.000000000000000000e+00 5.000000000000000000e+01 6.076650318068362866e-01
7.000000000000000000e+00 5.000000000000000000e+01 4.572516458768580705e-01
3.000000000000000000e+00 6.000000000000000000e+01 6.076651880656873672e-01
7.000000000000000000e+00 6.000000000000000000e+01 4.572497830952408915e-01
3.000000000000000000e+00 7.000000000000000000e+01 6.076651853427333938e-01
7.000000000000000000e+00 7.000000000000000000e+01 4.572496382544520288e-01
3.000000000000000000e+00 8.000000000000000000e+01 6.076651845111498140e-01
7.000000000000000000e+00 8.000000000000000000e+01 4.572496317954832246e-01
3.000000000000000000e+00 9.000000000000000000e+01 6.076651844314476802e-01
7.000000000000000000e+00 9.000000000000000000e+01 4.572496319343619664e-01
