3.000000000000000000e+00 1.000000000000000000e+01 5.380353601148386566e-01
7.000000000000000000e+00 1.000000000000000000e+01 8.662749339993627840e-02
3.000000000000000000e+00 2.000000000000000000e+01 5.887342342490269331e-01
7.000000000000000000e+00 2.000000000000000000e+01 3.355205558817826034e-02
3.000000000000000000e+00 3.000000000000000000e+01 5.922357532199976626e-01
7.000000000000000000e+00 3.000000000000000000e+01 2.754644891978171375e-02
3.000000000000000000e+00 4.000000000000000000e+01 5.924194075612018162e-01
7.000000000000000000e+00 4.000000000000000000e+01 3.161266992575564178e-02
3.000000000000000000e+00 5.000000000000000000e+01 5.924256000434823255e-01
7.000000000000000000e+00 5.000000000000000000e+01 3.108037734751169581e-02
3.000000000000000000e+00 6.000000000000000000e+01 5.924255149469206394e-01
7.000000000000000000e+00 6.000000000000000000e+01 3.112223741752746797e-02
3.000000000000000000e+00 7.000000000000000000e+01 5.924254768802149629e-01
7.000000000000000000e+00 7.000000000000000000e+01 3.115257822214386255e-02
3.000000000000000000e+00 8.000000000000000000e+01 5.924254727036126766e-01
7.000000000000000000e+00 8.000000000000000000e+01 3.113930288745021119e-02
3.000000000000000000e+00 9.000000000000000000e+01 5.924254723746829043e-01
7.000000000000000000e+00 9.000000000000000000e+01 3.114107623949030970e-02
