3.000000000000000000e+00 1.000000000000000000e+01 5.586376026220261082e-01
7.000000000000000000e+00 1.000000000000000000e+01 1.976771978140055008e-01
3.000000000000000000e+00 2.000000000000000000e+01 5.996086991240647812e-01
7.000000000000000000e+00 2.000000000000000000e+01 2.878310032476119606e-01
3.000000000000000000e+00 3.000000000000000000e+01 6.023902691365992101e-01
7.000000000000000000e+00 3.000000000000000000e+01 1.480513308821813090e-01
3.000000000000000000e+00 4.000000000000000000e+01 6.025410370058826848e-01
7.000000000000000000e+00 4.000000000000000000e+01 1.474967572994115850e-01
3.000000000000000000e+00 5.000000000000000000e+01 6.025472221133509887e-01
7.000000000000000000e+00 5.000000000000000000e+01 1.476802538448844793e-01
3.000000000000000000e+00 6.000000000000000000e+01 6.025473360709198145e-01
7.000000000000000000e+00 6.000000000000000000e+01 1.477132560361593683e-01
3.000000000000000000e+00 7.000000000000000000e+01 6.025473251071155056e-01
7.000000000000000000e+00 7.000000000000000000e+01 1.477101434526961743e-01
3.000000000000000000e+00 8.000000000000000000e+01 6.025473234432583425e-01
7.000000000000000000e+00 8.000000000000000000e+01 1.477088278879182259e-01
3.000000000000000000e+00 9.000000000000000000e+01 6.025473232991038763e-01
7.000000000000000000e+00 9.000000000000000000e+01 1.477088174573917834e-01
