3.000000000000000000e+00 1.000000000000000000e+01 5.570770527169338626e-01
7.000000000000000000e+00 1.000000000000000000e+01 2.086756426096780803e-01
3.000000000000000000e+00 2.000000000000000000e+01 5.991419467294587520e-01
7.000000000000000000e+00 2.000000000000000000e+01 3.335041444996607041e-01
3.000000000000000000e+00 3.000000000000000000e+01 6.020881708706331548e-01
7.000000000000000000e+00 3.000000000000000000e+01 3.327185034931149366e-01
3.000000000000000000e+00 4.000000000000000000e+01 6.022535672055525646e-01
7.000000000000000000e+00 4.000000000000000000e+01 3.165606909522172829e-01
3.000000000000000000e+00 5.000000000000000000e+01 6.022606702236101839e-01
7.000000000000000000e+00 5.000000000000000000e+01 3.164779344809694472e-01
3.000000000000000000e+00 6.000000000000000000e+01 6.022608186955952236e-01
7.000000000000000000e+00 6.000000000000000000e+01 3.164745874743030707e-01
3.000000000000000000e+00 7.000000000000000000e+01 6.022608070259652946e-01
7.000000000000000000e+00 7.000000000000000000e+01 3.164752907120655934e-01
3.000000000000000000e+00 8.000000000000000000e+01 6.022608050789337586e-01
7.000000000000000000e+00 8.000000000000000000e+01 3.164754509989929909e-01
3.000000000000000000e+00 9.000000000000000000e+01 6.022608049017631471e-01
7.000000000000000000e+00 9.000000000000000000e+01 3.164754657498935475e-01
