3.000000000000000000e+00 1.000000000000000000e+01 5.366180193741644233e-01
7.000000000000000000e+00 1.000000000000000000e+01 8.766745499048871071e-02
3.000000000000000000e+00 2.000000000000000000e+01 5.883855514628577588e-01
7.000000000000000000e+00 2.000000000000000000e+01 3.443520200952540633e-02
3.000000000000000000e+00 3.000000000000000000e+01 5.920539426767557067e-01
7.000000000000000000e+00 3.000000000000000000e+01 3.060537196613763444e-02
3.000000000000000000e+00 4.000000000000000000e+01 5.922522623110610951e-01
7.000000000000000000e+00 4.000000000000000000e+01 3.533088848827305867e-02
3.000000000000000000e+00 5.000000000000000000e+01 5.922592884063837548e-01
7.000000000000000000e+00 5.000000000000000000e+01 3.173565561297921750e-02
3.000000000000000000e+00 6.000000000000000000e+01 5.922592175889116461e-01
7.000000000000000000e+00 6.000000000000000000e+01 3.176445671118051373e-02
3.000000000000000000e+00 7.000000000000000000e+01 5.922591758736222012e-01
7.000000000000000000e+00 7.000000000000000000e+01 3.180095651599511297e-02
3.000000000000000000e+00 8.000000000000000000e+01 5.922591710905114049e-01
7.000000000000000000e+00 8.000000000000000000e+01 3.178691255142492705e-02
3.000000000000000000e+00 9.000000000000000000e+01 5.922591707000073313e-01
7.000000000000000000e+00 9.000000000000000000e+01 3.178829027962497278e-02
