3.000000000000000000e+00 1.000000000000000000e+01 4.694659164366882798e-01
7.000000000000000000e+00 1.000000000000000000e+01 5.064548974831133837e-02
3.000000000000000000e+00 2.000000000000000000e+01 5.633965562121278081e-01
7.000000000000000000e+00 2.000000000000000000e+01 7.178248919137980057e-03
3.000000000000000000e+00 3.000000000000000000e+01 5.682698490610540443e-01
7.000000000000000000e+00 3.000000000000000000e+01 1.385272718341386787e-02
3.000000000000000000e+00 4.000000000000000000e+01 5.685107599058171202e-01
7.000000000000000000e+00 4.000000000000000000e+01 1.452249597974170255e-02
3.000000000000000000e+00 5.000000000000000000e+01 5.685131110688530498e-01
7.000000000000000000e+00 5.000000000000000000e+01 1.286124030286123730e-02
3.000000000000000000e+00 6.000000000000000000e+01 5.685118891638641925e-01
7.000000000000000000e+00 6.000000000000000000e+01 1.309270367693670528e-02
3.000000000000000000e+00 7.000000000000000000e+01 5.685117021155882133e-01
7.000000000000000000e+00 7.000000000000000000e+01 1.298104683722472313e-02
3.000000000000000000e+00 8.000000000000000000e+01 5.685116836737397206e-01
7.000000000000000000e+00 8.000000000000000000e+01 1.301826398805678783e-02
3.000000000000000000e+00 9.000000000000000000e+01 5.685116822844105133e-01
7.000000000000000000e+00 9.000000000000000000e+01 1.301033739971681549e-02
