3.000000000000000000e+00 1.000000000000000000e+01 5.100569625586210964e-01
7.000000000000000000e+00 1.000000000000000000e+01 7.166447167925206474e-02
3.000000000000000000e+00 2.000000000000000000e+01 5.807795604066585682e-01
7.000000000000000000e+00 2.000000000000000000e+01 2.040898688572663836e-02
3.000000000000000000e+00 3.000000000000000000e+01 5.848101304306507764e-01
7.000000000000000000e+00 3.000000000000000000e+01 2.239724388102790065e-02
3.000000000000000000e+00 4.000000000000000000e+01 5.850211970844559906e-01
7.000000000000000000e+00 4.000000000000000000e+01 2.567305705769289126e-02
3.000000000000000000e+00 5.000000000000000000e+01 5.850273227595025327e-01
7.000000000000000000e+00 5.000000000000000000e+01 2.271447173065693423e-02
3.000000000000000000e+00 6.000000000000000000e+01 5.850270215821391506e-01
7.000000000000000000e+00 6.000000000000000000e+01 2.289380160757205351e-02
3.000000000000000000e+00 7.000000000000000000e+01 5.850269520548385671e-01
7.000000000000000000e+00 7.000000000000000000e+01 2.288283766456421231e-02
3.000000000000000000e+00 8.000000000000000000e+01 5.850269447686388125e-01
7.000000000000000000e+00 8.000000000000000000e+01 2.286956241809103008e-02
3.000000000000000000e+00 9.000000000000000000e+01 5.850269441990507691e-01
7.000000000000000000e+00 9.000000000000000000e+01 2.287630841490065695e-02
