3.000000000000000000e+00 1.000000000000000000e+01 4.188457866080037006e-01
7.000000000000000000e+00 1.000000000000000000e+01 4.269635981090877386e-02
3.000000000000000000e+00 2.000000000000000000e+01 2.411809711331230344e-01
7.000000000000000000e+00 2.000000000000000000e+01 4.101925466289403112e-03
3.000000000000000000e+00 3.000000000000000000e+01 2.582671375628740051e-01
7.000000000000000000e+00 3.000000000000000000e+01 1.199395910576461950e-02
3.000000000000000000e+00 4.000000000000000000e+01 2.713539485260369477e-01
7.000000000000000000e+00 4.000000000000000000e+01 1.061853972889326668e-02
3.000000000000000000e+00 5.000000000000000000e+01 2.711435356169382693e-01
7.000000000000000000e+00 5.000000000000000000e+01 1.067637020337416573e-02
3.000000000000000000e+00 6.000000000000000000e+01 2.712277217007184604e-01
7.000000000000000000e+00 6.000000000000000000e+01 1.082071357025825992e-02
3.000000000000000000e+00 7.000000000000000000e+01 2.712515118138350001e-01
7.000000000000000000e+00 7.000000000000000000e+01 1.071200124652075050e-02
3.000000000000000000e+00 8.000000000000000000e+01 2.712526210155982720e-01
7.000000000000000000e+00 8.000000000000000000e+01 1.076404646570280552e-02
3.000000000000000000e+00 9.000000000000000000e+01 2.712518963035870923e-01
7.000000000000000000e+00 9.000000000000000000e+01 1.074469920280378410e-02
