4.500000000000000000e+01 4.699785820185431451e-01 2.844136577550918643e-01 1.280000000000000027e+00
4.539999999999999858e+01 4.692430240548685627e-01 2.851529596755937868e-01 1.280000000000000027e+00
4.579999999999999716e+01 4.684433494033323209e-01 2.858154990606583956e-01 1.280000000000000027e+00
4.619999999999999574e+01 4.676057617910168163e-01 2.864272605716441378e-01 1.280000000000000027e+00
4.659999999999999432e+01 4.667485756406635766e-01 2.870057095149511350e-01 1.280000000000000027e+00
4.699999999999999289e+01 4.658723347987662189e-01 2.875515822580300140e-01 1.280000000000000027e+00
4.739999999999999147e+01 4.649836591164149269e-01 2.880720326797674979e-01 1.280000000000000027e+00
4.779999999999999005e+01 4.649836591164149269e-01 2.880720326797674979e-01 1.280000000000000027e+00
4.819999999999998863e+01 4.511221749534267689e-01 2.748499304174345514e-01 1.270000000000000018e+00
4.859999999999998721e+01 4.501923815185150946e-01 2.753055805971908465e-01 1.270000000000000018e+00
4.899999999999998579e+01 4.492488595173940724e-01 2.757355884940568269e-01 1.270000000000000018e+00
4.939999999999998437e+01 4.483061496297741644e-01 2.761537672856541059e-01 1.270000000000000018e+00
4.979999999999998295e+01 4.473453877731826123e-01 2.765430357934630656e-01 1.270000000000000018e+00
5.019999999999998153e+01 4.463702411366317069e-01 2.769072283139640267e-01 1.270000000000000018e+00
5.059999999999998010e+01 4.325097438494840962e-01 2.638364063173408991e-01 1.260000000000000009e+00
5.099999999999997868e+01 4.314018675335741793e-01 2.640577517036737376e-01 1.260000000000000009e+00
5.139999999999997726e+01 4.314018675335740682e-01 2.640577517036735156e-01 1.260000000000000009e+00
5.179999999999997584e+01 4.302961529810663266e-01 2.642063206272930453e-01 1.260000000000000009e+00
5.219999999999997442e+01 4.291764500105829105e-01 2.643038467794331381e-01 1.260000000000000009e+00
5.259999999999997300e+01 4.283269240406999412e-01 2.645697693160217745e-01 1.260000000000000009e+00
5.299999999999997158e+01 4.275281500085076347e-01 2.648681456216721575e-01 1.260000000000000009e+00
5.339999999999997016e+01 4.269669545069139094e-01 2.653697720309486363e-01 1.260000000000000009e+00
5.379999999999996874e+01 4.269669545069137429e-01 2.653697720309489694e-01 1.260000000000000009e+00
5.419999999999996732e+01 4.137410525392542504e-01 2.528461267304314974e-01 1.250000000000000000e+00
5.459999999999996589e+01 4.133089717732988944e-01 2.534383041037327478e-01 1.250000000000000000e+00
5.499999999999996447e+01 4.130081399347464433e-01 2.541369524100902666e-01 1.250000000000000000e+00
5.539999999999996305e+01 4.127466463388718698e-01 2.548616022157394467e-01 1.250000000000000000e+00
5.579999999999996163e+01 4.127466463388717033e-01 2.548616022157395578e-01 1.250000000000000000e+00
5.619999999999996021e+01 4.127567217101178465e-01 2.558148943975341871e-01 1.250000000000000000e+00
5.659999999999995879e+01 4.127926033861870625e-01 2.567971333589050276e-01 1.250000000000000000e+00
5.699999999999995737e+01 4.129957621500954246e-01 2.579841590593378031e-01 1.250000000000000000e+00
5.739999999999995595e+01 4.129957621500952580e-01 2.579841590593379141e-01 1.250000000000000000e+00
5.779999999999995453e+01 4.131744749959150309e-01 2.591565072574668060e-01 1.250000000000000000e+00
5.819999999999995310e+01 4.006875423583293183e-01 2.474284161956575578e-01 1.239999999999999991e+00
5.859999999999995168e+01 4.008449046571287977e-01 2.485676460190860693e-01 1.239999999999999991e+00
5.899999999999995026e+01 4.008449046571289087e-01 2.485676460190861803e-01 1.239999999999999991e+00
5.939999999999994884e+01 4.009922341213910668e-01 2.496887064846549098e-01 1.239999999999999991e+00
5.979999999999994742e+01 4.012917391081168850e-01 2.509312230809182531e-01 1.239999999999999991e+00
6.019999999999994600e+01 4.016095390006136356e-01 2.521804161730120120e-01 1.239999999999999991e+00
6.059999999999994458e+01 4.016095390006136356e-01 2.521804161730122340e-01 1.239999999999999991e+00
6.099999999999994316e+01 4.020955874261927243e-01 2.535654306746989439e-01 1.239999999999999991e+00
6.139999999999994174e+01 4.026758612913299284e-01 2.550229104030955485e-01 1.239999999999999991e+00
6.179999999999994031e+01 4.026758612913297619e-01 2.550229104030955485e-01 1.239999999999999991e+00
6.219999999999993889e+01 3.908080299282997161e-01 2.438102975655331017e-01 1.229999999999999982e+00
6.259999999999993747e+01 3.917498819131416399e-01 2.455368326702866144e-01 1.229999999999999982e+00
6.299999999999993605e+01 3.927843921456989906e-01 2.473350019055211846e-01 1.229999999999999982e+00
6.339999999999993463e+01 3.927843921456989906e-01 2.473350019055211291e-01 1.229999999999999982e+00
6.379999999999993321e+01 3.945272787558411487e-01 2.497289770634869566e-01 1.229999999999999982e+00
6.419999999999993179e+01 3.963701492106000979e-01 2.522610010421333926e-01 1.229999999999999982e+00
6.459999999999993747e+01 3.963701492106002644e-01 2.522610010421335036e-01 1.229999999999999982e+00
6.499999999999992895e+01 3.986456041559059416e-01 2.554345942889131305e-01 1.229999999999999982e+00
