4.500000000000000000e+01 4.790043534921796242e-01 2.809157702309135751e-01 1.239700000000000024e+00
4.520000000000000284e+01 4.829594918837263329e-01 2.851315157904097952e-01 1.240800000000000125e+00
4.540000000000000568e+01 4.868521570760984130e-01 2.893107536890636156e-01 1.241900000000000004e+00
4.560000000000000853e+01 4.907104069113135680e-01 2.934728364097983211e-01 1.243000000000000105e+00
4.580000000000001137e+01 4.944260551231062228e-01 2.974941855671344726e-01 1.243999999999999995e+00
4.600000000000001421e+01 4.981010371094498068e-01 3.015198245470112615e-01 1.245000000000000107e+00
4.620000000000001705e+01 5.011059573231381181e-01 3.051572198696026472e-01 1.245600000000000041e+00
4.640000000000001990e+01 5.042231805382642040e-01 3.089270715429583980e-01 1.246299999999999963e+00
4.660000000000002274e+01 5.066367559869318082e-01 3.118558346630035949e-01 1.246700000000000141e+00
4.680000000000002558e+01 5.094349347598845501e-01 3.153158366080276998e-01 1.247200000000000086e+00
4.700000000000002842e+01 5.119475670664989098e-01 3.185582725165150286e-01 1.247600000000000042e+00
4.720000000000003126e+01 5.143357366020611110e-01 3.216592326977670835e-01 1.247900000000000009e+00
4.740000000000003411e+01 5.168367061048776412e-01 3.248908181468825873e-01 1.248299999999999965e+00
4.760000000000003695e+01 5.184623419947456124e-01 3.270926053405895373e-01 1.248399999999999954e+00
4.780000000000003979e+01 5.201569001929524649e-01 3.294854027897447524e-01 1.248500000000000165e+00
4.800000000000004263e+01 5.218433782392521980e-01 3.318681196811353873e-01 1.248600000000000154e+00
4.820000000000004547e+01 5.231805821247964561e-01 3.337664816025460723e-01 1.248600000000000154e+00
4.840000000000004832e+01 5.246077932264102683e-01 3.358736019916739868e-01 1.248600000000000154e+00
4.860000000000005116e+01 5.256631590043584490e-01 3.374749269207018010e-01 1.248500000000000165e+00
4.880000000000005400e+01 5.270191206946069906e-01 3.395088930730814081e-01 1.248500000000000165e+00
4.900000000000005684e+01 5.282465366875395141e-01 3.413923436845952009e-01 1.248399999999999954e+00
4.920000000000005969e+01 5.294570851592834693e-01 3.430801353982608770e-01 1.248399999999999954e+00
4.940000000000006253e+01 5.309809192649180831e-01 3.451846628407026496e-01 1.248500000000000165e+00
4.960000000000006537e+01 5.321744547151664451e-01 3.468440207445980805e-01 1.248500000000000165e+00
4.980000000000006821e+01 5.335506131820100251e-01 3.487798639061701067e-01 1.248500000000000165e+00
5.000000000000007105e+01 5.350750794334848681e-01 3.507442140369277928e-01 1.248600000000000154e+00
5.020000000000007390e+01 5.366030015864448055e-01 3.527097790483395556e-01 1.248700000000000143e+00
5.040000000000007674e+01 5.384706708273583331e-01 3.551222598507078887e-01 1.248900000000000121e+00
5.060000000000007958e+01 5.399653415579077631e-01 3.570571576164420780e-01 1.249000000000000110e+00
5.080000000000008242e+01 5.427712158515007879e-01 3.604525202198534117e-01 1.249500000000000055e+00
5.100000000000008527e+01 5.451039486475390827e-01 3.632511373302550473e-01 1.249800000000000022e+00
5.120000000000008811e+01 5.475338488782214297e-01 3.661731786089700846e-01 1.250199999999999978e+00
5.140000000000009095e+01 5.498233861609228557e-01 3.689373203337660834e-01 1.250500000000000167e+00
5.160000000000009379e+01 5.530388740130313119e-01 3.727762541905337290e-01 1.251100000000000101e+00
5.180000000000009663e+01 5.558216328877672030e-01 3.760824033672817146e-01 1.251600000000000046e+00
5.200000000000009948e+01 5.584607364423217479e-01 3.792279347995903827e-01 1.252000000000000002e+00
5.220000000000010232e+01 5.610735995648490348e-01 3.823528388725609961e-01 1.252399999999999958e+00
5.240000000000010516e+01 5.643006697453269993e-01 3.865905559298232763e-01 1.252700000000000147e+00
5.260000000000010800e+01 5.671041217792154310e-01 3.904896858546623162e-01 1.252800000000000136e+00
5.280000000000011084e+01 5.698048279086004309e-01 3.942570163880488865e-01 1.252800000000000136e+00
5.300000000000011369e+01 5.725179375222622102e-01 3.980320451962237605e-01 1.252800000000000136e+00
5.320000000000011653e+01 5.751046310802551131e-01 4.017124479864804809e-01 1.252800000000000136e+00
5.340000000000011937e+01 5.770650599295046312e-01 4.047601668744779113e-01 1.252500000000000169e+00
5.360000000000012221e+01 5.790443419010962156e-01 4.078180025641180428e-01 1.252199999999999980e+00
5.380000000000012506e+01 5.811574301361115413e-01 4.110270907930579365e-01 1.252000000000000002e+00
5.400000000000012790e+01 5.831699163743866432e-01 4.141027475721469897e-01 1.251700000000000035e+00
5.420000000000013074e+01 5.847834060078298535e-01 4.167652313670773823e-01 1.251300000000000079e+00
5.440000000000013358e+01 5.863989301714902513e-01 4.194217676044243448e-01 1.250900000000000123e+00
5.460000000000013642e+01 5.880307896231458109e-01 4.220861843199147367e-01 1.250500000000000167e+00
5.480000000000013927e+01 5.896775017016168130e-01 4.247571758866777736e-01 1.250099999999999989e+00
5.500000000000014211e+01 5.910436567601857760e-01 4.272172672236098090e-01 1.249500000000000055e+00
5.520000000000014495e+01 5.922756463795515458e-01 4.295925164098562399e-01 1.248800000000000132e+00
5.540000000000014779e+01 5.935362892221257569e-01 4.319841583620952497e-01 1.248099999999999987e+00
5.560000000000015064e+01 5.948245883512666143e-01 4.343915734652423755e-01 1.247400000000000064e+00
5.580000000000015348e+01 5.961671243532761233e-01 4.368418859369114227e-01 1.246700000000000141e+00
5.600000000000015632e+01 5.977333045997003103e-01 4.395324168130536613e-01 1.246099999999999985e+00
5.620000000000015916e+01 5.993232313318030968e-01 4.422363467976604956e-01 1.245500000000000052e+00
5.640000000000016200e+01 6.006153446312766375e-01 4.444098836203278502e-01 1.245000000000000107e+00
5.660000000000016485e+01 6.022457347590995935e-01 4.471367829199555666e-01 1.244399999999999951e+00
5.680000000000016769e+01 6.037359523488972091e-01 4.496863702880404268e-01 1.243700000000000028e+00
5.700000000000017053e+01 6.053373843750051719e-01 4.523649934046574672e-01 1.243100000000000094e+00
5.720000000000017337e+01 6.069581167921470621e-01 4.550541511023494246e-01 1.242500000000000160e+00
5.740000000000017621e+01 6.081571717172017388e-01 4.570721965450270652e-01 1.241900000000000004e+00
5.760000000000017906e+01 6.097692464735091633e-01 4.597792409037935180e-01 1.241200000000000081e+00
5.780000000000018190e+01 6.115362480353541130e-01 4.629866993811161957e-01 1.240199999999999969e+00
5.800000000000018474e+01 6.128975755608980780e-01 4.654638823883093246e-01 1.239300000000000068e+00
5.820000000000018758e+01 6.147569369213385926e-01 4.687335595844963620e-01 1.238299999999999956e+00
5.840000000000019043e+01 6.165546845511372664e-01 4.718984450016405763e-01 1.237200000000000077e+00
5.860000000000019327e+01 6.176120084518469389e-01 4.740698340826172696e-01 1.236099999999999977e+00
5.880000000000019611e+01 6.184438305833336313e-01 4.763314760314820706e-01 1.234500000000000153e+00
5.900000000000019895e+01 6.192249221333324671e-01 4.784938921089328390e-01 1.232800000000000118e+00
5.920000000000020179e+01 6.199766226975904626e-01 4.803570285551182484e-01 1.231500000000000039e+00
5.940000000000020464e+01 6.208606518233887872e-01 4.825866667801804732e-01 1.229800000000000004e+00
5.960000000000020748e+01 6.200175303823602935e-01 4.826350885115695544e-01 1.227899999999999991e+00
5.980000000000021032e+01 6.184780619321846862e-01 4.821461104202020009e-01 1.225400000000000045e+00
6.000000000000021316e+01 6.171711197212316202e-01 4.816449872832392898e-01 1.223300000000000054e+00
6.020000000000021600e+01 6.155641556680131465e-01 4.810321896426161814e-01 1.220700000000000118e+00
6.040000000000021885e+01 6.141802343480236015e-01 4.804034766221474406e-01 1.218500000000000139e+00
6.060000000000022169e+01 6.099572084940114713e-01 4.756015756964452890e-01 1.217200000000000060e+00
6.080000000000022453e+01 6.117691876541554441e-01 4.768430990379674550e-01 1.219000000000000083e+00
6.100000000000022737e+01 6.257749641072737345e-01 4.942774856855452481e-01 1.220500000000000140e+00
6.120000000000023022e+01 6.264172547192304874e-01 4.982105924884155934e-01 1.214700000000000113e+00
6.140000000000023306e+01 6.154085095043052567e-01 4.864655417387780401e-01 1.209500000000000020e+00
6.160000000000023590e+01 6.110671678958983222e-01 4.812218784851075015e-01 1.208600000000000119e+00
6.180000000000023874e+01 6.142497909139553736e-01 4.848851299995530217e-01 1.209300000000000042e+00
6.200000000000024158e+01 6.195751303156378231e-01 4.938165894599095829e-01 1.204800000000000093e+00
6.220000000000024443e+01 6.105996749780175925e-01 4.841309444155512121e-01 1.200500000000000123e+00
6.240000000000024727e+01 6.038351395515608733e-01 4.763429078016198637e-01 1.198400000000000132e+00
6.260000000000025011e+01 6.062870812864785686e-01 4.790057034000385627e-01 1.199300000000000033e+00
6.280000000000025295e+01 6.130950256246614494e-01 4.872609708898614778e-01 1.200200000000000156e+00
6.300000000000025580e+01 6.171021980323824208e-01 4.944735968909411694e-01 1.194900000000000073e+00
6.320000000000025864e+01 6.108917424725270884e-01 4.880730615990306887e-01 1.190800000000000081e+00
6.340000000000026148e+01 6.045445176959077793e-01 4.811352454120285116e-01 1.187599999999999989e+00
6.360000000000026432e+01 6.019698785603703195e-01 4.786410865228617473e-01 1.185300000000000020e+00
6.380000000000026716e+01 6.038200619568467875e-01 4.814868330147900610e-01 1.183599999999999985e+00
6.400000000000027001e+01 6.017402508758026292e-01 4.792369036049460851e-01 1.182300000000000129e+00
6.420000000000027285e+01 5.968898630323207222e-01 4.763829906985201923e-01 1.171399999999999997e+00
6.440000000000027569e+01 5.872345271909464870e-01 4.642935037802627951e-01 1.171699999999999964e+00
6.460000000000027853e+01 5.930373395056252050e-01 4.705439741193582215e-01 1.174700000000000077e+00
6.480000000000028137e+01 6.056602208059069792e-01 4.869990329730424783e-01 1.172000000000000153e+00
6.500000000000028422e+01 1.205455983277330945e-01 2.107865080044140152e-02 8.320000000000000728e-01
