4.500000000000000000e+01 3.444671603587907138e-01 1.954807424834923424e-01 1.229999999999999982e+00
4.539999999999999858e+01 3.203450748337797749e-01 1.761756569688897600e-01 1.219999999999999973e+00
4.579999999999999716e+01 3.089781758527715971e-01 1.686026280571499558e-01 1.219999999999999973e+00
4.619999999999999574e+01 2.875710744671809427e-01 1.503875692665319896e-01 1.209999999999999964e+00
4.659999999999999432e+01 2.793409299180071859e-01 1.435377057155775016e-01 1.209999999999999964e+00
4.699999999999999289e+01 2.756441108016718933e-01 1.391250213127231405e-01 1.209999999999999964e+00
4.739999999999999147e+01 2.745571506243831839e-01 1.363180981551010140e-01 1.209999999999999964e+00
4.779999999999999005e+01 2.745571506243830728e-01 1.363180981551009308e-01 1.209999999999999964e+00
4.819999999999998863e+01 2.871484272544077565e-01 1.445176056827620348e-01 1.219999999999999973e+00
4.859999999999998721e+01 2.919208672327315290e-01 1.453645797875215695e-01 1.219999999999999973e+00
4.899999999999998579e+01 3.091879446174741197e-01 1.568786849967158947e-01 1.229999999999999982e+00
4.939999999999998437e+01 3.310086462934434537e-01 1.723868520954557337e-01 1.239999999999999991e+00
4.979999999999998295e+01 3.417962143220918958e-01 1.781468894930588742e-01 1.239999999999999991e+00
5.019999999999998153e+01 3.664677185376200574e-01 1.975313189143867998e-01 1.250000000000000000e+00
5.059999999999998010e+01 3.909517901308783849e-01 2.183444900994195303e-01 1.260000000000000009e+00
5.099999999999997868e+01 4.026935241876264948e-01 2.283739138933913448e-01 1.260000000000000009e+00
5.139999999999997726e+01 4.026935241876262173e-01 2.283739138933912893e-01 1.260000000000000009e+00
5.179999999999997584e+01 4.263163613219210224e-01 2.512994579898872316e-01 1.270000000000000018e+00
5.219999999999997442e+01 4.369075350167075933e-01 2.615949694104816037e-01 1.270000000000000018e+00
5.259999999999997300e+01 4.446684073998765085e-01 2.707271518207072236e-01 1.270000000000000018e+00
5.299999999999997158e+01 4.522503413892893231e-01 2.797480970884683171e-01 1.270000000000000018e+00
5.339999999999997016e+01 4.588060579899059244e-01 2.877871349330704542e-01 1.270000000000000018e+00
5.379999999999996874e+01 4.588060579899060909e-01 2.877871349330704542e-01 1.270000000000000018e+00
5.419999999999996732e+01 4.655793183459415729e-01 2.962325836962014791e-01 1.270000000000000018e+00
5.459999999999996589e+01 4.726768338281321369e-01 3.052462106194103741e-01 1.270000000000000018e+00
5.499999999999996447e+01 4.786574567551076798e-01 3.137447474216875642e-01 1.270000000000000018e+00
5.539999999999996305e+01 4.844277735528412232e-01 3.222326438732334708e-01 1.270000000000000018e+00
5.579999999999996163e+01 4.844277735528410567e-01 3.222326438732338594e-01 1.270000000000000018e+00
5.619999999999996021e+01 4.751037663313734671e-01 3.144820989349217943e-01 1.260000000000000009e+00
5.659999999999995879e+01 4.784995765697858117e-01 3.205422819336507523e-01 1.260000000000000009e+00
5.699999999999995737e+01 4.812739588589641793e-01 3.259611108037665517e-01 1.260000000000000009e+00
5.739999999999995595e+01 4.812739588589641793e-01 3.259611108037665517e-01 1.260000000000000009e+00
5.779999999999995453e+01 4.839205434500356007e-01 3.311967905100096643e-01 1.260000000000000009e+00
5.819999999999995310e+01 4.734948450899644223e-01 3.220723147278877763e-01 1.250000000000000000e+00
5.859999999999995168e+01 4.755096019398374341e-01 3.265651966215192825e-01 1.250000000000000000e+00
5.899999999999995026e+01 4.755096019398376006e-01 3.265651966215192825e-01 1.250000000000000000e+00
5.939999999999994884e+01 4.774941636847502835e-01 3.309765656811312629e-01 1.250000000000000000e+00
5.979999999999994742e+01 4.662963146497586808e-01 3.209919804655432252e-01 1.239999999999999991e+00
6.019999999999994600e+01 4.678646097222166622e-01 3.248865754626057423e-01 1.239999999999999991e+00
6.059999999999994458e+01 4.678646097222168287e-01 3.248865754626055757e-01 1.239999999999999991e+00
6.099999999999994316e+01 4.563871884607332841e-01 3.146091510010427528e-01 1.229999999999999982e+00
6.139999999999994174e+01 4.575734205701310064e-01 3.180339936844598925e-01 1.229999999999999982e+00
6.179999999999994031e+01 4.575734205701308399e-01 3.180339936844600035e-01 1.229999999999999982e+00
6.219999999999993889e+01 4.586448696604141784e-01 3.213131296895107569e-01 1.229999999999999982e+00
6.259999999999993747e+01 4.467235824937486055e-01 3.105324408062451469e-01 1.219999999999999973e+00
6.299999999999993605e+01 4.476073461632897321e-01 3.135312707627605500e-01 1.219999999999999973e+00
6.339999999999993463e+01 4.476073461632898987e-01 3.135312707627606610e-01 1.219999999999999973e+00
6.379999999999993321e+01 4.356029533233863327e-01 3.026516348903326437e-01 1.209999999999999964e+00
6.419999999999993179e+01 4.365889315042537078e-01 3.056515609358186891e-01 1.209999999999999964e+00
6.459999999999993747e+01 4.365889315042541519e-01 3.056515609358184116e-01 1.209999999999999964e+00
6.499999999999992895e+01 4.246720143342618270e-01 2.949218100175889923e-01 1.199999999999999956e+00
