4.500000000000000000e+01 3.533238690065415022e-01 1.784958087352731815e-01 1.252299999999999969e+00
4.520000000000000284e+01 3.641143050547350768e-01 1.867347781727898837e-01 1.256099999999999994e+00
4.540000000000000568e+01 3.722183656019607545e-01 1.932596876463195945e-01 1.258800000000000141e+00
4.560000000000000853e+01 3.791050873665554599e-01 1.990106576017080242e-01 1.261000000000000121e+00
4.580000000000001137e+01 3.852114879047224272e-01 2.040680637765971139e-01 1.262900000000000134e+00
4.600000000000001421e+01 3.903525052699007292e-01 2.082543330105274260e-01 1.264600000000000168e+00
4.620000000000001705e+01 3.959053411463706595e-01 2.126598680141930653e-01 1.266399999999999970e+00
4.640000000000001990e+01 4.020808410797572785e-01 2.175172254643978065e-01 1.268499999999999961e+00
4.660000000000002274e+01 4.071366589509009537e-01 2.215025543909034389e-01 1.270199999999999996e+00
4.680000000000002558e+01 4.138304272248282123e-01 2.268132838325335743e-01 1.272399999999999975e+00
4.700000000000002842e+01 4.220469976177397275e-01 2.334322567200229626e-01 1.275100000000000122e+00
4.720000000000003126e+01 4.300579561795089822e-01 2.400676670151048742e-01 1.277600000000000069e+00
4.740000000000003411e+01 4.379391323309361761e-01 2.468961145488218489e-01 1.279900000000000038e+00
4.760000000000003695e+01 4.443109212051030155e-01 2.524313659451802860e-01 1.281700000000000061e+00
4.780000000000003979e+01 4.514750289984449383e-01 2.590462999554618007e-01 1.283600000000000074e+00
4.800000000000004263e+01 4.584505166268039167e-01 2.655951744736915754e-01 1.285400000000000098e+00
4.820000000000004547e+01 4.640089074611903897e-01 2.709167302662919830e-01 1.286800000000000166e+00
4.840000000000004832e+01 4.694735432957575783e-01 2.765216997937815502e-01 1.287900000000000045e+00
4.860000000000005116e+01 4.741261516190342640e-01 2.813120636576111333e-01 1.288900000000000157e+00
4.880000000000005400e+01 4.795594685720848682e-01 2.869199812652072912e-01 1.290000000000000036e+00
4.900000000000005684e+01 4.847192003188218190e-01 2.923049535820366751e-01 1.291000000000000147e+00
4.920000000000005969e+01 4.877526310722002378e-01 2.958357090247267229e-01 1.291400000000000103e+00
4.940000000000006253e+01 4.914219812359501005e-01 3.001029331582861226e-01 1.291900000000000048e+00
4.960000000000006537e+01 4.942764565892394657e-01 3.034413057662779800e-01 1.292200000000000015e+00
4.980000000000006821e+01 4.978361842059333964e-01 3.075987858112978479e-01 1.292699999999999960e+00
5.000000000000007105e+01 5.006451764080729339e-01 3.108904444780495324e-01 1.293000000000000149e+00
5.020000000000007390e+01 5.025356207550913945e-01 3.134437261555788057e-01 1.293000000000000149e+00
5.040000000000007674e+01 5.044271793203704002e-01 3.162171850174821941e-01 1.292900000000000160e+00
5.060000000000007958e+01 5.058702924561389036e-01 3.183236945921774641e-01 1.292800000000000171e+00
5.080000000000008242e+01 5.074168255230857572e-01 3.205585547519590461e-01 1.292699999999999960e+00
5.100000000000008527e+01 5.088007466104440546e-01 3.224891971174668748e-01 1.292699999999999960e+00
5.120000000000008811e+01 5.100297712111599990e-01 3.241934004283025805e-01 1.292599999999999971e+00
5.140000000000009095e+01 5.113817323124726366e-01 3.260323974096107080e-01 1.292599999999999971e+00
5.160000000000009379e+01 5.129938418177122372e-01 3.282248012489509259e-01 1.292599999999999971e+00
5.180000000000009663e+01 5.143829668585180315e-01 3.300889745024392363e-01 1.292599999999999971e+00
5.200000000000009948e+01 5.159412252507926677e-01 3.321025035208030607e-01 1.292599999999999971e+00
5.220000000000010232e+01 5.176190484507298128e-01 3.342496518090539159e-01 1.292699999999999960e+00
5.240000000000010516e+01 5.194616949000117057e-01 3.366329428765423848e-01 1.292699999999999960e+00
5.260000000000010800e+01 5.211335392660818577e-01 3.387728738459502287e-01 1.292800000000000171e+00
5.280000000000011084e+01 5.228771884168852413e-01 3.409988686371879796e-01 1.292800000000000171e+00
5.300000000000011369e+01 5.247397965899692762e-01 3.433591299564170973e-01 1.292900000000000160e+00
5.320000000000011653e+01 5.264617571709007127e-01 3.455590761005880585e-01 1.292900000000000160e+00
5.340000000000011937e+01 5.283018645120644008e-01 3.478932076497624482e-01 1.293000000000000149e+00
5.360000000000012221e+01 5.301249662020586229e-01 3.502254676677766243e-01 1.293000000000000149e+00
5.380000000000012506e+01 5.321142202222588491e-01 3.527534666883464509e-01 1.293100000000000138e+00
5.400000000000012790e+01 5.339638828101916923e-01 3.551210301428329164e-01 1.293100000000000138e+00
5.420000000000013074e+01 5.359318600630417206e-01 3.576239514716633150e-01 1.293200000000000127e+00
5.440000000000013358e+01 5.377834902400204786e-01 3.600388779459493538e-01 1.293200000000000127e+00
5.460000000000013642e+01 5.395419423489180577e-01 3.624209796052476062e-01 1.293100000000000138e+00
5.480000000000013927e+01 5.414253936078073925e-01 3.649438708302866208e-01 1.293100000000000138e+00
5.500000000000014211e+01 5.431777144645960620e-01 3.673115719287297076e-01 1.293000000000000149e+00
5.520000000000014495e+01 5.449253552993712502e-01 3.696719807765593280e-01 1.292900000000000160e+00
5.540000000000014779e+01 5.466576568968596339e-01 3.720937239614435232e-01 1.292800000000000171e+00
5.560000000000015064e+01 5.482635662599329995e-01 3.743629597005972420e-01 1.292599999999999971e+00
5.580000000000015348e+01 5.499974253759458698e-01 3.767761442818851614e-01 1.292499999999999982e+00
5.600000000000015632e+01 5.516044938447028922e-01 3.790363243141524618e-01 1.292300000000000004e+00
5.620000000000015916e+01 5.534952024806510940e-01 3.816698513848274521e-01 1.292200000000000015e+00
5.640000000000016200e+01 5.549243577406763883e-01 3.836925928525785623e-01 1.292000000000000037e+00
5.660000000000016485e+01 5.567801209827352160e-01 3.862956238394167907e-01 1.291800000000000059e+00
5.680000000000016769e+01 5.587679924266500953e-01 3.890472476765787224e-01 1.291700000000000070e+00
5.700000000000017053e+01 5.606269793915797939e-01 3.916651628706773747e-01 1.291500000000000092e+00
5.720000000000017337e+01 5.620592561018015187e-01 3.939696689656927986e-01 1.291000000000000147e+00
5.740000000000017621e+01 5.633480806702194643e-01 3.959718261569338260e-01 1.290699999999999958e+00
5.760000000000017906e+01 5.649481823956189475e-01 3.984492936631233717e-01 1.290300000000000002e+00
5.780000000000018190e+01 5.665708595215149801e-01 4.009400729172064026e-01 1.289900000000000047e+00
5.800000000000018474e+01 5.676999635014328138e-01 4.027741429389071759e-01 1.289600000000000080e+00
5.820000000000018758e+01 5.685237596379928426e-01 4.044373808914460411e-01 1.289000000000000146e+00
5.840000000000019043e+01 5.693704217473827267e-01 4.061139813269946663e-01 1.288399999999999990e+00
5.860000000000019327e+01 5.700386024111054883e-01 4.074346386235841444e-01 1.287900000000000045e+00
5.880000000000019611e+01 5.710474868690986749e-01 4.092803806563434788e-01 1.287400000000000100e+00
5.900000000000019895e+01 5.718566850697945902e-01 4.108938696568753546e-01 1.286800000000000166e+00
5.920000000000020179e+01 5.724745448580291773e-01 4.121441985401588792e-01 1.286299999999999999e+00
5.940000000000020464e+01 5.732949342010507099e-01 4.137534594650831288e-01 1.285700000000000065e+00
5.960000000000020748e+01 5.739404396839755673e-01 4.150193518221247380e-01 1.285200000000000120e+00
5.980000000000021032e+01 5.749136941827457381e-01 4.167905760467491283e-01 1.284699999999999953e+00
6.000000000000021316e+01 5.755249882256815441e-01 4.180107005506874529e-01 1.284200000000000008e+00
6.020000000000021600e+01 5.763351372452685251e-01 4.195808509865434632e-01 1.283600000000000074e+00
6.040000000000021885e+01 5.769711154687755528e-01 4.208146142538599088e-01 1.283100000000000129e+00
6.060000000000022169e+01 5.778110905265184671e-01 4.224011521382859402e-01 1.282499999999999973e+00
6.080000000000022453e+01 5.784760774849460052e-01 4.236679045220297368e-01 1.282000000000000028e+00
6.100000000000022737e+01 5.792935869283349914e-01 4.253539413823577142e-01 1.281300000000000106e+00
6.120000000000023022e+01 5.799195762489484096e-01 4.266581374919192760e-01 1.280700000000000172e+00
6.140000000000023306e+01 5.806676087052035085e-01 4.282334891005904476e-01 1.279900000000000038e+00
6.160000000000023590e+01 5.813339872559295518e-01 4.295646689681015262e-01 1.279300000000000104e+00
6.180000000000023874e+01 5.819763963976503085e-01 4.308663867279511339e-01 1.278700000000000170e+00
6.200000000000024158e+01 5.824882196499832077e-01 4.321834985447248756e-01 1.277900000000000036e+00
6.220000000000024443e+01 5.828430967173804378e-01 4.331618338700291559e-01 1.277200000000000113e+00
6.240000000000024727e+01 5.833998206121321362e-01 4.345085536510836510e-01 1.276399999999999979e+00
6.260000000000025011e+01 5.837908031019372057e-01 4.355110988186127741e-01 1.275700000000000056e+00
6.280000000000025295e+01 5.843027417456041483e-01 4.366503232023546399e-01 1.275100000000000122e+00
6.300000000000025580e+01 5.847207577717693505e-01 4.377949267706025549e-01 1.274199999999999999e+00
6.320000000000025864e+01 5.852145494332757769e-01 4.388936953100365246e-01 1.273600000000000065e+00
6.340000000000026148e+01 5.856020044330744190e-01 4.398572314012027529e-01 1.272900000000000142e+00
6.360000000000026432e+01 5.861216586258314321e-01 4.409725662216739117e-01 1.272299999999999986e+00
6.380000000000026716e+01 5.868379783804711369e-01 4.424428955846805289e-01 1.271500000000000075e+00
6.400000000000027001e+01 5.876514901607300390e-01 4.439148669449903273e-01 1.270800000000000152e+00
6.420000000000027285e+01 5.884846565290601239e-01 4.454010660250203868e-01 1.270100000000000007e+00
6.440000000000027569e+01 5.894553151132039259e-01 4.470437057761437738e-01 1.269500000000000073e+00
6.460000000000027853e+01 5.906344688411504507e-01 4.490433083954147864e-01 1.268700000000000161e+00
6.480000000000028137e+01 5.915042396428330518e-01 4.505546585100985713e-01 1.268000000000000016e+00
6.500000000000028422e+01 5.920490483975276996e-01 4.517671276913662326e-01 1.267200000000000104e+00
