4.500000000000000000e+01 4.744896992006562009e-01 2.748204429370564306e-01 1.292000000000000037e+00
4.520000000000000284e+01 4.779020266293272923e-01 2.790366957649043633e-01 1.292499999999999982e+00
4.540000000000000568e+01 4.813734673915323059e-01 2.832977302492961647e-01 1.292999999999999927e+00
4.560000000000000853e+01 4.842223979073706497e-01 2.868705870752096820e-01 1.292999999999999927e+00
4.580000000000001137e+01 4.877599286781704180e-01 2.911691897279828356e-01 1.293500000000000094e+00
4.600000000000001421e+01 4.915811961707120537e-01 2.957453545490110747e-01 1.294000000000000039e+00
4.620000000000001705e+01 4.958121052657796790e-01 3.007272919771487585e-01 1.294499999999999984e+00
4.640000000000001990e+01 5.000730110414104423e-01 3.057306385654038894e-01 1.294999999999999929e+00
4.660000000000002274e+01 5.037556342992958180e-01 3.100402990282642990e-01 1.295500000000000096e+00
4.680000000000002558e+01 5.078456279153462649e-01 3.151823083136925940e-01 1.296000000000000041e+00
4.700000000000002842e+01 5.112095065610153810e-01 3.197105239952691136e-01 1.296000000000000041e+00
4.720000000000003126e+01 5.146450982138153218e-01 3.242874560123288341e-01 1.296000000000000041e+00
4.740000000000003411e+01 5.187998904131192468e-01 3.296456929633963528e-01 1.296499999999999986e+00
4.760000000000003695e+01 5.216258057335456666e-01 3.333929973934027235e-01 1.296499999999999986e+00
4.780000000000003979e+01 5.250570331615713737e-01 3.379114995236694452e-01 1.296499999999999986e+00
4.800000000000004263e+01 5.285370573395299365e-01 3.424627280424009657e-01 1.296499999999999986e+00
4.820000000000004547e+01 5.321418593498460359e-01 3.470453229838271203e-01 1.296999999999999931e+00
4.840000000000004832e+01 5.373596678453935738e-01 3.534245049378265668e-01 1.297500000000000098e+00
4.860000000000005116e+01 5.412059622867526620e-01 3.581532183272134739e-01 1.297500000000000098e+00
4.880000000000005400e+01 5.464961694081214016e-01 3.645971429527019025e-01 1.298000000000000043e+00
4.900000000000005684e+01 5.518216403908642320e-01 3.712739945445510670e-01 1.298499999999999988e+00
4.920000000000005969e+01 5.552017859981902559e-01 3.761360441356086937e-01 1.298000000000000043e+00
4.940000000000006253e+01 5.601849763915239810e-01 3.829977192049391910e-01 1.298000000000000043e+00
4.960000000000006537e+01 5.638333942384261555e-01 3.880746219778083983e-01 1.297500000000000098e+00
4.980000000000006821e+01 5.689801471489130957e-01 3.952040358007640752e-01 1.297500000000000098e+00
5.000000000000007105e+01 5.724978389406097934e-01 4.005912135863973766e-01 1.296999999999999931e+00
5.020000000000007390e+01 5.755741119036109632e-01 4.053787359717702099e-01 1.296000000000000041e+00
5.040000000000007674e+01 5.803692995101495944e-01 4.123561246392502544e-01 1.295500000000000096e+00
5.060000000000007958e+01 5.842558205927820270e-01 4.180065880745847950e-01 1.294999999999999929e+00
5.080000000000008242e+01 5.874263280516395236e-01 4.231266572544040150e-01 1.294000000000000039e+00
5.100000000000008527e+01 5.906259218491487495e-01 4.280086034511926818e-01 1.293500000000000094e+00
5.120000000000008811e+01 5.933475316206980876e-01 4.322569047963545907e-01 1.292499999999999982e+00
5.140000000000009095e+01 5.967949360076253429e-01 4.373408318025258090e-01 1.292000000000000037e+00
5.160000000000009379e+01 5.987457756142956500e-01 4.414515868755789496e-01 1.290499999999999980e+00
5.180000000000009663e+01 6.002582968037064592e-01 4.446590172681779141e-01 1.288999999999999924e+00
5.200000000000009948e+01 6.025332001373430169e-01 4.487283080076180375e-01 1.288000000000000034e+00
5.220000000000010232e+01 6.043730349913624122e-01 4.521968804293024502e-01 1.286499999999999977e+00
5.240000000000010516e+01 6.059549712535790000e-01 4.559279499247063661e-01 1.284499999999999975e+00
5.260000000000010800e+01 6.075966403690733486e-01 4.593982437381354256e-01 1.282999999999999918e+00
5.280000000000011084e+01 6.094157832077481407e-01 4.630094296938394582e-01 1.281500000000000083e+00
5.300000000000011369e+01 6.108250284518853546e-01 4.660423911474079195e-01 1.279500000000000082e+00
5.320000000000011653e+01 6.123494397825941515e-01 4.692762599075159802e-01 1.278000000000000025e+00
5.340000000000011937e+01 6.131655055518208108e-01 4.716309532133075577e-01 1.276000000000000023e+00
5.360000000000012221e+01 6.146983834252349732e-01 4.748045381836304424e-01 1.274499999999999966e+00
5.380000000000012506e+01 6.157931798233595710e-01 4.773785090027004574e-01 1.272499999999999964e+00
5.400000000000012790e+01 6.167897705338706293e-01 4.798942094991903162e-01 1.270499999999999963e+00
5.420000000000013074e+01 6.174725659381817833e-01 4.821960274541094438e-01 1.268499999999999961e+00
5.440000000000013358e+01 6.177191323546430413e-01 4.838984204851351500e-01 1.266000000000000014e+00
5.460000000000013642e+01 6.186605141531094088e-01 4.863952122058828320e-01 1.264000000000000012e+00
5.480000000000013927e+01 6.191588141961223979e-01 4.882887150848819191e-01 1.261500000000000066e+00
5.500000000000014211e+01 6.199470854235530348e-01 4.905651824575295583e-01 1.259500000000000064e+00
5.520000000000014495e+01 6.202714840164795795e-01 4.922203228359056104e-01 1.257000000000000117e+00
5.540000000000014779e+01 6.206968965612159606e-01 4.939496139087166671e-01 1.254499999999999948e+00
5.560000000000015064e+01 6.212186700692287067e-01 4.957490858543895373e-01 1.252000000000000002e+00
5.580000000000015348e+01 6.214084518430968984e-01 4.971834680058934697e-01 1.249500000000000055e+00
5.600000000000015632e+01 6.214269552628155502e-01 4.984173957859648341e-01 1.247000000000000108e+00
5.620000000000015916e+01 6.215134131509973958e-01 4.996946936202897871e-01 1.244499999999999940e+00
5.640000000000016200e+01 6.210646630278063851e-01 5.000546266531846751e-01 1.241999999999999993e+00
5.660000000000016485e+01 6.207725523217311192e-01 5.008281170924857584e-01 1.239000000000000101e+00
5.680000000000016769e+01 6.207761181277539064e-01 5.022428329882792086e-01 1.235500000000000043e+00
5.700000000000017053e+01 6.202994383057858219e-01 5.030125595785729375e-01 1.231500000000000039e+00
5.720000000000017337e+01 6.198889904470615830e-01 5.038092967345034756e-01 1.227500000000000036e+00
5.740000000000017621e+01 6.198147202336686812e-01 5.047204068556448986e-01 1.224499999999999922e+00
5.760000000000017906e+01 6.171896373024523541e-01 5.029682803903210431e-01 1.219500000000000028e+00
5.780000000000018190e+01 6.128611809321704573e-01 4.993401850637804174e-01 1.213999999999999968e+00
5.800000000000018474e+01 6.091942624629723690e-01 4.961838280169734161e-01 1.209500000000000020e+00
5.820000000000018758e+01 6.034927064887455339e-01 4.908838754231869550e-01 1.203000000000000069e+00
5.840000000000019043e+01 5.970187210286308499e-01 4.846619213003335314e-01 1.195999999999999952e+00
5.860000000000019327e+01 5.897758727175798077e-01 4.771124171921976020e-01 1.191000000000000059e+00
5.880000000000019611e+01 5.800418860948770572e-01 4.669239766848664597e-01 1.184500000000000108e+00
5.900000000000019895e+01 1.997542914490493260e-01 8.004413711796865005e-02 9.430000000000000604e-01
5.920000000000020179e+01 1.027557948169210145e-01 1.956026901584047295e-02 8.629999999999999893e-01
5.940000000000020464e+01 5.445487092041144672e-01 4.292076782863339934e-01 1.161499999999999977e+00
5.960000000000020748e+01 5.315083616398615929e-01 4.152108461277588813e-01 1.153499999999999970e+00
5.980000000000021032e+01 5.102550123095103141e-01 3.922509951907510173e-01 1.140500000000000069e+00
6.000000000000021316e+01 7.164641506976031360e-02 8.595670011582540182e-03 8.349999999999999645e-01
6.020000000000021600e+01 6.654410104550162464e-02 7.252625888753421943e-03 8.305000000000000160e-01
6.040000000000021885e+01 6.306406446250291398e-02 6.412264959964255641e-03 8.275000000000000133e-01
6.060000000000022169e+01 5.923773213428348838e-02 5.541595661146979900e-03 8.240000000000000657e-01
6.080000000000022453e+01 5.647227691785466908e-02 4.957251953301734619e-03 8.215000000000000080e-01
6.100000000000022737e+01 5.326253370106669160e-02 4.318866867374140592e-03 8.185000000000000053e-01
6.120000000000023022e+01 5.096999577208053550e-02 3.899510839624742691e-03 8.165000000000000036e-01
6.140000000000023306e+01 4.841043283664144686e-02 3.447944742453701479e-03 8.140000000000000568e-01
6.160000000000023590e+01 4.657810950336685463e-02 3.135274767712675076e-03 8.120000000000000551e-01
6.180000000000023874e+01 4.496314742134114445e-02 2.883940113773631343e-03 8.104999999999999982e-01
6.200000000000024158e+01 4.300059921775820082e-02 2.587752117938106784e-03 8.084999999999999964e-01
6.220000000000024443e+01 4.139672223363995152e-02 2.346459332219347476e-03 8.064999999999999947e-01
6.240000000000024727e+01 3.951225017202742579e-02 2.091363939247294686e-03 8.044999999999999929e-01
6.260000000000025011e+01 3.803451929960580125e-02 1.904924829005678671e-03 8.030000000000000471e-01
6.280000000000025295e+01 3.661790951492378127e-02 1.733662626832528555e-03 8.014999999999999902e-01
6.300000000000025580e+01 3.490509306625458330e-02 1.533990187953260427e-03 7.994999999999999885e-01
6.320000000000025864e+01 3.361766144852818688e-02 1.393170926383876292e-03 7.980000000000000426e-01
6.340000000000026148e+01 3.246943978900936750e-02 1.281843181284521641e-03 7.970000000000000417e-01
6.360000000000026432e+01 3.126651251613972449e-02 1.161091599395993506e-03 7.954999999999999849e-01
6.380000000000026716e+01 2.998327994371313351e-02 1.051856492895476922e-03 7.944999999999999840e-01
6.400000000000027001e+01 2.896460202040854193e-02 9.655312401238460955e-04 7.934999999999999831e-01
6.420000000000027285e+01 2.798410017105017536e-02 8.857535733557755919e-04 7.924999999999999822e-01
6.440000000000027569e+01 2.712803618074978440e-02 8.256463462445217446e-04 7.920000000000000373e-01
6.460000000000027853e+01 2.615016583474828737e-02 7.610592838043070060e-04 7.914999999999999813e-01
6.480000000000028137e+01 2.538069732789421593e-02 7.106347575226069522e-04 7.910000000000000364e-01
6.500000000000028422e+01 2.470421562934238535e-02 6.743221437587211672e-04 7.910000000000000364e-01
