4.500000000000000000e+01 3.307647762108896217e-01 1.809217449014201007e-01 1.229999999999999982e+00
4.539999999999999858e+01 3.300068739811717888e-01 1.793888872021731362e-01 1.229999999999999982e+00
4.579999999999999716e+01 3.294347875478425003e-01 1.781227841686064406e-01 1.229999999999999982e+00
4.619999999999999574e+01 3.291970132344516076e-01 1.771280061551957496e-01 1.229999999999999982e+00
4.659999999999999432e+01 3.291370170696762409e-01 1.762704659832701748e-01 1.229999999999999982e+00
4.699999999999999289e+01 3.294935814636036908e-01 1.757457522331120903e-01 1.229999999999999982e+00
4.739999999999999147e+01 3.419483547115709787e-01 1.863707017212184458e-01 1.239999999999999991e+00
4.779999999999999005e+01 3.419483547115708677e-01 1.863707017212183903e-01 1.239999999999999991e+00
4.819999999999998863e+01 3.429100224260679397e-01 1.863238680201113884e-01 1.239999999999999991e+00
4.859999999999998721e+01 3.443110425273210873e-01 1.866387154082504996e-01 1.239999999999999991e+00
4.899999999999998579e+01 3.458840047979895860e-01 1.870926008340149105e-01 1.239999999999999991e+00
4.939999999999998437e+01 3.482041437773573667e-01 1.881706681486067789e-01 1.239999999999999991e+00
4.979999999999998295e+01 3.506697303922745035e-01 1.894078980843272031e-01 1.239999999999999991e+00
5.019999999999998153e+01 3.658634788986496744e-01 2.028048844736720646e-01 1.250000000000000000e+00
5.059999999999998010e+01 3.687756245081654227e-01 2.047044171745205920e-01 1.250000000000000000e+00
5.099999999999997868e+01 3.715160737136017910e-01 2.065644188723547714e-01 1.250000000000000000e+00
5.139999999999997726e+01 3.715160737136019020e-01 2.065644188723547714e-01 1.250000000000000000e+00
5.179999999999997584e+01 3.745047141043147954e-01 2.086421614741350850e-01 1.250000000000000000e+00
5.219999999999997442e+01 3.775391328671773294e-01 2.107631387954243540e-01 1.250000000000000000e+00
5.259999999999997300e+01 3.938897956031405800e-01 2.258208536641551634e-01 1.260000000000000009e+00
5.299999999999997158e+01 3.980128261121625988e-01 2.289900248965667517e-01 1.260000000000000009e+00
5.339999999999997016e+01 4.034263959661784638e-01 2.334719903351807346e-01 1.260000000000000009e+00
5.379999999999996874e+01 4.034263959661781862e-01 2.334719903351807901e-01 1.260000000000000009e+00
5.419999999999996732e+01 4.080938391003400278e-01 2.377029804436467941e-01 1.260000000000000009e+00
5.459999999999996589e+01 4.119081374236964743e-01 2.417004644838480765e-01 1.260000000000000009e+00
5.499999999999996447e+01 4.152858202583867842e-01 2.453061910457472738e-01 1.260000000000000009e+00
5.539999999999996305e+01 4.184108901560306681e-01 2.486839136283460205e-01 1.260000000000000009e+00
5.579999999999996163e+01 4.184108901560305571e-01 2.486839136283460761e-01 1.260000000000000009e+00
5.619999999999996021e+01 4.215874356539708878e-01 2.521047835640316537e-01 1.260000000000000009e+00
5.659999999999995879e+01 4.247598313139095971e-01 2.555203313924252484e-01 1.260000000000000009e+00
5.699999999999995737e+01 4.282008785762815850e-01 2.591760210708071721e-01 1.260000000000000009e+00
5.739999999999995595e+01 4.282008785762815850e-01 2.591760210708070611e-01 1.260000000000000009e+00
5.779999999999995453e+01 4.447986408952255832e-01 2.764867508728740542e-01 1.270000000000000018e+00
5.819999999999995310e+01 4.490137419056627333e-01 2.809059900912772023e-01 1.270000000000000018e+00
5.859999999999995168e+01 4.537037615174286942e-01 2.861097204751699152e-01 1.270000000000000018e+00
5.899999999999995026e+01 4.537037615174285277e-01 2.861097204751699152e-01 1.270000000000000018e+00
5.939999999999994884e+01 4.586113083309438787e-01 2.916746999303801990e-01 1.270000000000000018e+00
5.979999999999994742e+01 4.626107676178510819e-01 2.966369516409743112e-01 1.270000000000000018e+00
6.019999999999994600e+01 4.664950337505169298e-01 3.014999115728473345e-01 1.270000000000000018e+00
6.059999999999994458e+01 4.664950337505167632e-01 3.014999115728474455e-01 1.270000000000000018e+00
6.099999999999994316e+01 4.702569617609109187e-01 3.062386039685772721e-01 1.270000000000000018e+00
6.139999999999994174e+01 4.742590082003992347e-01 3.111888886475028815e-01 1.270000000000000018e+00
6.179999999999994031e+01 4.742590082003990681e-01 3.111888886475031590e-01 1.270000000000000018e+00
6.219999999999993889e+01 4.785939432220022716e-01 3.164392697272538357e-01 1.270000000000000018e+00
6.259999999999993747e+01 4.841712675155733225e-01 3.228385685583828324e-01 1.270000000000000018e+00
6.299999999999993605e+01 4.903025352674147408e-01 3.297569804878704436e-01 1.270000000000000018e+00
6.339999999999993463e+01 4.903025352674147408e-01 3.297569804878701660e-01 1.270000000000000018e+00
6.379999999999993321e+01 4.964389431589777413e-01 3.378158729604274213e-01 1.270000000000000018e+00
6.419999999999993179e+01 4.896700342063881051e-01 3.316346462346805302e-01 1.260000000000000009e+00
6.459999999999993747e+01 4.896700342063879385e-01 3.316346462346806412e-01 1.260000000000000009e+00
6.499999999999992895e+01 4.940689327793439389e-01 3.381227777674378765e-01 1.260000000000000009e+00
