4.500000000000000000e+01 4.725061490693894251e-01 2.885728638189085649e-01 1.222641888575570768e+00
4.529999999999999716e+01 4.767079725109661381e-01 2.933091488778463152e-01 1.223705313000967410e+00
4.559999999999999432e+01 4.807566712178937829e-01 2.978996468039751822e-01 1.224687176930701504e+00
4.589999999999999147e+01 4.847153711154179589e-01 3.024115765329751238e-01 1.225618229444184415e+00
4.619999999999998863e+01 4.880253476203806895e-01 3.065654813392517664e-01 1.226174469891894825e+00
4.649999999999998579e+01 4.907215153011856290e-01 3.101228953767865004e-01 1.226494475925072436e+00
4.679999999999998295e+01 4.935925455347888735e-01 3.139670368645617327e-01 1.226805594449097425e+00
4.709999999999998010e+01 4.959424238697945908e-01 3.173656708513019065e-01 1.226872587969075390e+00
4.739999999999997726e+01 4.982558634949836307e-01 3.207203608342163448e-01 1.226909450910252275e+00
4.769999999999997442e+01 4.996858050931842765e-01 3.230515697144258902e-01 1.226680782485292998e+00
4.799999999999997158e+01 5.010520558774218536e-01 3.253978297963688315e-01 1.226358291438853776e+00
4.829999999999996874e+01 5.021687187465946334e-01 3.273868947537966201e-01 1.225999521934523884e+00
4.859999999999996589e+01 5.029789780921075648e-01 3.290477814820182423e-01 1.225526566452863841e+00
4.889999999999996305e+01 5.038690119190579741e-01 3.308729730514231027e-01 1.225011494009217605e+00
4.919999999999996021e+01 5.047655550781864342e-01 3.325486465945315939e-01 1.224590690113472435e+00
4.949999999999995737e+01 5.057570685338886873e-01 3.342672829802759704e-01 1.224225430987398333e+00
4.979999999999995453e+01 5.068419674764170768e-01 3.361517597934830515e-01 1.223832373607453672e+00
5.009999999999995168e+01 5.083034089909835851e-01 3.383205541531722482e-01 1.223653669059642235e+00
5.039999999999994884e+01 5.097443023081285052e-01 3.404643391173468592e-01 1.223464636643431858e+00
5.069999999999994600e+01 5.114379450895946144e-01 3.428814213270689470e-01 1.223366608786856657e+00
5.099999999999994316e+01 5.140964277106571112e-01 3.463382221450531095e-01 1.223611952700116579e+00
5.129999999999994031e+01 5.166921702344724476e-01 3.497322644142348835e-01 1.223830299924462572e+00
5.159999999999993747e+01 3.609529634957743538e-02 1.480810458564395075e-02 3.957039718139639950e-01
5.189999999999993463e+01 5.225957330488980590e-01 3.573297159593754047e-01 1.224539492773182969e+00
5.219999999999993179e+01 5.251898828943156738e-01 3.606910964889895044e-01 1.224818502604368309e+00
5.249999999999992895e+01 5.278287881285880223e-01 3.647970376798316261e-01 1.224744407754783548e+00
5.279999999999992610e+01 5.303899066625422654e-01 3.691055259252473686e-01 1.224447847315153659e+00
5.309999999999992326e+01 5.328911857356843917e-01 3.733812185120007898e-01 1.224156983264921950e+00
5.339999999999992042e+01 5.338015351004090636e-01 3.760080192316511694e-01 1.223477828340139961e+00
5.369999999999991758e+01 5.348334005456640838e-01 3.789675010084206375e-01 1.222715265839912302e+00
5.399999999999991473e+01 5.358805179410971453e-01 3.816394004748387414e-01 1.221984961394521507e+00
5.429999999999991189e+01 5.370035384429421299e-01 3.843684676876189532e-01 1.220899225197705107e+00
5.459999999999990905e+01 5.379465330658229627e-01 3.867090978056232364e-01 1.219892704214919688e+00
5.489999999999990621e+01 5.389657672644706521e-01 3.893221817923556705e-01 1.218728180917611592e+00
5.519999999999990337e+01 5.391229088600217878e-01 3.910241527388554350e-01 1.217247837804312782e+00
5.549999999999990052e+01 5.394181250923061333e-01 3.930435240610004599e-01 1.215609386505421829e+00
5.579999999999989768e+01 5.397010468150347240e-01 3.948271980213831633e-01 1.214137921099966100e+00
5.609999999999989484e+01 5.401994389828133070e-01 3.968242984244882421e-01 1.212728721928425957e+00
5.639999999999989200e+01 5.407360375852863221e-01 3.988396054016871695e-01 1.211318012121890719e+00
5.669999999999988916e+01 5.414347802230297102e-01 4.011901460913623874e-01 1.209752242692954560e+00
5.699999999999988631e+01 5.418997611842847340e-01 4.030798415673185753e-01 1.208285493955132850e+00
5.729999999999988347e+01 5.423947777585689245e-01 4.049813349027756582e-01 1.206814876975109252e+00
5.759999999999988063e+01 5.428616397637903157e-01 4.068846235122859922e-01 1.205263161066373767e+00
5.789999999999987779e+01 5.428706456884188070e-01 4.087473832770267546e-01 1.202991957443954707e+00
5.819999999999987494e+01 5.429621947309818397e-01 4.106600321899496198e-01 1.200720384283869624e+00
5.849999999999987210e+01 5.431382936003801287e-01 4.126254651360919956e-01 1.198447424642820947e+00
5.879999999999986926e+01 5.414057403396048684e-01 4.126766222704321696e-01 1.195075801047327468e+00
5.909999999999986642e+01 5.396615281705899880e-01 4.126664793979384349e-01 1.191633827832675907e+00
5.939999999999986358e+01 5.379236448521095282e-01 4.126118418249195008e-01 1.188129240034688117e+00
5.969999999999986073e+01 5.328975027655771246e-01 4.088374279410091905e-01 1.183206795217507601e+00
5.999999999999985789e+01 5.278331012399640754e-01 4.047493364870071719e-01 1.178553605076560817e+00
6.029999999999985505e+01 5.216957375977940847e-01 3.996652905034585035e-01 1.172938693622987083e+00
6.059999999999985221e+01 5.151953163485163412e-01 3.928365042926061368e-01 1.169209584681599745e+00
6.089999999999984936e+01 5.256255930099205109e-01 4.047840801115329956e-01 1.172654601699751664e+00
6.119999999999984652e+01 5.219229470047591635e-01 4.049089634236044399e-01 1.163451185902414142e+00
6.149999999999984368e+01 5.006431945267211248e-01 3.816281481864324809e-01 1.152878359887784310e+00
6.179999999999984084e+01 5.058264926681551588e-01 3.874077790685180323e-01 1.154762846787451558e+00
6.209999999999983800e+01 4.946292641571508608e-01 3.783452037626513498e-01 1.142126101386469861e+00
6.239999999999983515e+01 4.790465843615541730e-01 3.611451911588151042e-01 1.134347673666021850e+00
6.269999999999983231e+01 4.864486284811542771e-01 3.693924385220833662e-01 1.137274887359486231e+00
6.299999999999982947e+01 1.926752409257475873e-01 7.960555369131525061e-02 9.188319603876747843e-01
6.329999999999982663e+01 2.359291024664660064e-01 1.166216863913088070e-01 9.556727047699905553e-01
6.359999999999982379e+01 2.649873155712438311e-01 1.435246023733902365e-01 9.784124321660753187e-01
6.389999999999982094e+01 2.997879136466302108e-01 1.773655744516330068e-01 1.001409461055079442e+00
6.419999999999981810e+01 4.100052370295401843e-02 1.570971232212303205e-03 7.338794340712803121e-01
6.449999999999981526e+01 5.406228042382902471e-02 4.096522852718631827e-03 7.664810438201781206e-01
6.479999999999981242e+01 3.860316648994959604e-02 1.250318512442055415e-03 7.260273292230607911e-01
