4.500000000000000000e+01 4.758240147101961970e-01 2.906694587857889811e-01 1.221811404450606098e+00
4.529999999999999716e+01 4.799557963506840275e-01 2.953632970132425428e-01 1.222936953234237789e+00
4.559999999999999432e+01 4.839238713073690801e-01 2.999035918293483371e-01 1.223976461982675179e+00
4.589999999999999147e+01 4.877935509926016322e-01 3.043587205947859142e-01 1.224960927776037822e+00
4.619999999999998863e+01 4.910156192266530439e-01 3.084575227093486749e-01 1.225565835516121194e+00
4.649999999999998579e+01 4.936320442720130153e-01 3.119655727109314491e-01 1.225926506503266955e+00
4.679999999999998295e+01 4.964024470451364746e-01 3.157445463735077396e-01 1.226279824263870388e+00
4.709999999999998010e+01 4.986431078269040196e-01 3.190703036306135609e-01 1.226384952952393803e+00
4.739999999999997726e+01 5.008417655464416640e-01 3.223475267307423509e-01 1.226457416402910283e+00
4.769999999999997442e+01 5.021572764183436233e-01 3.245984013987752159e-01 1.226256886786646572e+00
4.799999999999997158e+01 5.033868961317554680e-01 3.268476303715996401e-01 1.225963729775249922e+00
4.829999999999996874e+01 5.043781050446907166e-01 3.287471996495187065e-01 1.225629683174815021e+00
4.859999999999996589e+01 5.050550559016204755e-01 3.303119087912240737e-01 1.225179846296614139e+00
4.889999999999996305e+01 5.057902705302370627e-01 3.320253853959164725e-01 1.224689869185177526e+00
4.919999999999996021e+01 5.065421269527730086e-01 3.335960395047193328e-01 1.224290996574861845e+00
4.949999999999995737e+01 5.073853749367343013e-01 3.352069793288581789e-01 1.223947299654148502e+00
4.979999999999995453e+01 5.082974527118040431e-01 3.369664513506265835e-01 1.223578450074406243e+00
5.009999999999995168e+01 5.095970504487015162e-01 3.390197792839366175e-01 1.223423024452441776e+00
5.039999999999994884e+01 5.108744822110302675e-01 3.410472767449834741e-01 1.223256912374733663e+00
5.069999999999994600e+01 5.124010994113600281e-01 3.433464632280056050e-01 1.223182437567343017e+00
5.099999999999994316e+01 5.148919964960241291e-01 3.466869987230338235e-01 1.223453045802815664e+00
5.129999999999994031e+01 4.232553351974724376e-02 1.236825723882148051e-02 4.558028586932349469e-01
5.159999999999993747e+01 5.199728810329792283e-01 3.535050931443761146e-01 1.224034144190090379e+00
5.189999999999993463e+01 5.228639954534083367e-01 3.573135859491030075e-01 1.224456887425154239e+00
5.219999999999993179e+01 5.252994932525626437e-01 3.605655331172915035e-01 1.224758190409335423e+00
5.249999999999992895e+01 5.277339716838926886e-01 3.645311918152957520e-01 1.224709385729984445e+00
5.279999999999992610e+01 5.300859557072669093e-01 3.686958694117051238e-01 1.224436251248985696e+00
5.309999999999992326e+01 5.323627105293927686e-01 3.728180086654958592e-01 1.224168904236195399e+00
5.339999999999992042e+01 5.330254417906931108e-01 3.752775329695841600e-01 1.223509955863109511e+00
5.369999999999991758e+01 5.337695932519199715e-01 3.780410008636937436e-01 1.222769189403604795e+00
5.399999999999991473e+01 5.345753588631606545e-01 3.805461696406143846e-01 1.222055569627934934e+00
5.429999999999991189e+01 5.354673002572836182e-01 3.831115992717427088e-01 1.220984615050512145e+00
5.459999999999990905e+01 5.362047311416238138e-01 3.853057820816375711e-01 1.219990506204296832e+00
5.489999999999990621e+01 5.369840456953695051e-01 3.877474163371671945e-01 1.218840672119928303e+00
5.519999999999990337e+01 5.369173872734570585e-01 3.892876978438117863e-01 1.217371732275467577e+00
5.549999999999990052e+01 5.369569633953025223e-01 3.911222861179858845e-01 1.215746589527862742e+00
5.579999999999989768e+01 5.370106271519632379e-01 3.927398140719536856e-01 1.214286829105985399e+00
5.609999999999989484e+01 5.372766401417995441e-01 3.945683888953983587e-01 1.212889800845987853e+00
5.639999999999989200e+01 5.375798002456889657e-01 3.964144079680242960e-01 1.211491613784654087e+00
5.669999999999988916e+01 5.380105503809499146e-01 3.985709126374110123e-01 1.209941235641277757e+00
5.699999999999988631e+01 5.382339936926930912e-01 4.002857041850965691e-01 1.208488566445796275e+00
5.729999999999988347e+01 5.384871278710211540e-01 4.020123881572990610e-01 1.207032770996004922e+00
5.759999999999988063e+01 5.387062489653153818e-01 4.037364902630807828e-01 1.205496224181659803e+00
5.789999999999987779e+01 5.384459208438272526e-01 4.054003411238467636e-01 1.203234009665447024e+00
5.819999999999987494e+01 5.382678960581929184e-01 4.071145274768382394e-01 1.200972349206950174e+00
5.849999999999987210e+01 5.381686495310118445e-01 4.088779655742116326e-01 1.198710836523744661e+00
5.879999999999986926e+01 5.361305640162492558e-01 4.087044321624235255e-01 1.195347190829454176e+00
5.909999999999986642e+01 5.340808176868145907e-01 4.084713618542820113e-01 1.191914433502150983e+00
5.939999999999986358e+01 5.320254713280214709e-01 4.081870811615527228e-01 1.188420913237498988e+00
5.969999999999986073e+01 5.266102439324860107e-01 4.041359655641069137e-01 1.183509232902010710e+00
5.999999999999985789e+01 5.212054244627633004e-01 3.998099540950043052e-01 1.178866232047024898e+00
6.029999999999985505e+01 5.146789519433274673e-01 3.944602326155984828e-01 1.173266338578988544e+00
6.059999999999985221e+01 5.078568122650168881e-01 3.874377195270870544e-01 1.169587275415793215e+00
6.089999999999984936e+01 5.180066246403711716e-01 3.991842631679531350e-01 1.173093215028122582e+00
6.119999999999984652e+01 5.138422531538983096e-01 3.989648359536185351e-01 1.163851327512197331e+00
6.149999999999984368e+01 4.922547430523893097e-01 3.755691313977630452e-01 1.153344800233164102e+00
6.179999999999984084e+01 4.972036928165012304e-01 3.811970259263625649e-01 1.155299295671301074e+00
6.209999999999983800e+01 4.856056521122903979e-01 3.719228850213331938e-01 1.142689802680356692e+00
6.239999999999983515e+01 4.698706414694914790e-01 3.547697205934396969e-01 1.135051969946364592e+00
6.269999999999983231e+01 4.770329780111149387e-01 3.628525004547970556e-01 1.138057474170692585e+00
6.299999999999982947e+01 1.781010551288435273e-01 7.103261789618676991e-02 9.120090946819829902e-01
6.329999999999982663e+01 2.211572879789251433e-01 1.071138847274814565e-01 9.503568568904711134e-01
6.359999999999982379e+01 2.488369691074256984e-01 1.324072778644444504e-01 9.729794203147905662e-01
6.389999999999982094e+01 2.813151681745698074e-01 1.636251608756969789e-01 9.952426219328386336e-01
6.419999999999981810e+01 4.004977512884752566e-02 1.712459161572686163e-03 7.368634227999383279e-01
6.449999999999981526e+01 5.323014527014146430e-02 4.431221760487980693e-03 7.705707152912730784e-01
6.479999999999981242e+01 3.776428338890663872e-02 1.395280799994630914e-03 7.293725391869649854e-01
