4.500000000000000000e+01 4.668545892094537186e-01 2.858533818306787100e-01 1.280110785751853442e+00
4.529999999999999716e+01 4.724013994380841241e-01 2.918530435610320328e-01 1.280953248456949467e+00
4.559999999999999432e+01 4.777845090247279658e-01 2.977025366238112425e-01 1.281750448365050588e+00
4.589999999999999147e+01 4.830812676440108255e-01 3.034776063913690036e-01 1.282520670531771989e+00
4.619999999999998863e+01 4.875850519411294437e-01 3.087480742793600741e-01 1.282913521057057027e+00
4.649999999999998579e+01 4.913251310470208022e-01 3.132608323075385948e-01 1.283133272602693609e+00
4.679999999999998295e+01 4.953807444580713981e-01 3.182011657768126223e-01 1.283327684240226585e+00
4.709999999999998010e+01 4.988666479874692694e-01 3.226525851204398720e-01 1.283328407582500441e+00
4.739999999999997726e+01 5.023442768847694584e-01 3.270841946382754273e-01 1.283324575002697365e+00
4.769999999999997442e+01 5.047483062556543665e-01 3.303245654773454554e-01 1.283172933091830226e+00
4.799999999999997158e+01 5.071746847973063188e-01 3.336788791898213646e-01 1.282941466645435291e+00
4.829999999999996874e+01 5.092602553598776227e-01 3.365785474351026818e-01 1.282719276665696961e+00
4.859999999999996589e+01 5.110116168167423423e-01 3.391324926463150091e-01 1.282424758014197419e+00
4.889999999999996305e+01 5.129592487012204494e-01 3.419714430014135775e-01 1.282087379188678877e+00
4.919999999999996021e+01 5.148501727523419058e-01 3.445915362888783418e-01 1.281868513271360754e+00
4.949999999999995737e+01 5.168544388418467861e-01 3.472748147031347599e-01 1.281712366746732057e+00
4.979999999999995453e+01 5.190623614843787870e-01 3.502395400779757528e-01 1.281526133201491113e+00
5.009999999999995168e+01 5.216468989753678676e-01 3.534605944031948832e-01 1.281527718357236667e+00
5.039999999999994884e+01 5.242102676054670729e-01 3.566559177673135350e-01 1.281526276828711230e+00
5.069999999999994600e+01 5.270941610460043725e-01 3.601746859068069573e-01 1.281593142521237239e+00
5.099999999999994316e+01 5.311470337697088429e-01 3.648836594845678016e-01 1.281909296514209595e+00
5.129999999999994031e+01 5.351221255307173630e-01 3.695183464423130171e-01 1.282208999059101684e+00
5.159999999999993747e+01 5.394167017195459213e-01 3.744855589600964985e-01 1.282577195826312355e+00
5.189999999999993463e+01 5.440010900353788870e-01 3.797581111809882337e-01 1.283007735873107347e+00
5.219999999999993179e+01 5.479342432112389583e-01 3.842986118646285476e-01 1.283368457321399259e+00
5.249999999999992895e+01 5.525087049416941287e-01 3.900420325183217019e-01 1.283336644059776877e+00
5.279999999999992610e+01 5.572214593011020067e-01 3.961541697389261429e-01 1.283102871286281532e+00
5.309999999999992326e+01 5.620073626870256689e-01 4.023312643610713613e-01 1.282887925419248232e+00
5.339999999999992042e+01 5.652369406034514210e-01 4.068173799646134237e-01 1.282400951462928651e+00
5.369999999999991758e+01 5.689340623945150499e-01 4.119403204856014744e-01 1.281839618806623005e+00
5.399999999999991473e+01 5.722405895989283175e-01 4.164832525932061769e-01 1.281365639822423574e+00
5.429999999999991189e+01 5.752993645944849410e-01 4.209226332128600534e-01 1.280646535324109436e+00
5.459999999999990905e+01 5.780209084994831770e-01 4.248393298392064699e-01 1.280027182001792774e+00
5.489999999999990621e+01 5.811125312939733334e-01 4.293068652508626459e-01 1.279282818415770517e+00
5.519999999999990337e+01 5.833531051679528012e-01 4.328791519200734239e-01 1.278323393524816831e+00
5.549999999999990052e+01 5.860328970258379400e-01 4.370623219297737339e-01 1.277251140223890191e+00
5.579999999999989768e+01 5.885199120507428328e-01 4.408521973587989362e-01 1.276343228044087619e+00
5.609999999999989484e+01 5.912977023168020096e-01 4.449319678870268246e-01 1.275500542327889120e+00
5.639999999999989200e+01 5.941580764169471784e-01 4.490829580117056685e-01 1.274676623356950866e+00
5.669999999999988916e+01 5.974890706755258130e-01 4.538741846346748265e-01 1.273749390308274831e+00
5.699999999999988631e+01 6.003521743266201360e-01 4.579963791111975602e-01 1.272926050625595495e+00
5.729999999999988347e+01 6.032829297344745045e-01 4.621769828817688386e-01 1.272118765093464221e+00
5.759999999999988063e+01 6.062990975714349640e-01 4.664773613713439904e-01 1.271271566085014681e+00
5.789999999999987779e+01 6.096512260400284156e-01 4.715022909242007065e-01 1.269936087567309135e+00
5.819999999999987494e+01 6.131732242779674991e-01 4.766823134913007465e-01 1.268638568268982025e+00
5.849999999999987210e+01 6.168574657465968336e-01 4.820121719432899354e-01 1.267378041060367222e+00
5.879999999999986926e+01 6.191173153169470256e-01 4.859819662124054140e-01 1.265426759345149810e+00
5.909999999999986642e+01 6.215392812649919163e-01 4.900922111391697311e-01 1.263494514685606696e+00
5.939999999999986358e+01 6.241356870425326386e-01 4.943556114247910638e-01 1.261590240746997660e+00
5.969999999999986073e+01 6.236953269303842085e-01 4.953001121280812824e-01 1.258869296173275032e+00
5.999999999999985789e+01 6.229858221422280851e-01 4.957213717226889860e-01 1.256414479816091889e+00
6.029999999999985505e+01 6.222108152071668119e-01 4.962357350363956754e-01 1.253520743715982322e+00
6.059999999999985221e+01 6.177664710259550551e-01 4.917386523810300392e-01 1.251706334868588844e+00
6.089999999999984936e+01 6.286567531793776364e-01 5.038206144150262356e-01 1.254034569646715891e+00
6.119999999999984652e+01 6.383291306913483343e-01 5.176223975941693922e-01 1.249708118480799879e+00
6.149999999999984368e+01 6.224774287905349146e-01 5.006521753758754745e-01 1.244592744884539082e+00
6.179999999999984084e+01 6.272636414977632580e-01 5.058815898195402339e-01 1.245856834715170836e+00
6.209999999999983800e+01 6.321386694547521667e-01 5.138095861153783028e-01 1.240876208984591278e+00
6.239999999999983515e+01 6.216716781688962357e-01 5.024022649174862964e-01 1.237866240469639667e+00
6.269999999999983231e+01 6.277282632043760247e-01 5.090696785888889631e-01 1.239413756777875131e+00
6.299999999999982947e+01 6.393514734506011710e-01 5.245176327511050784e-01 1.235458685934405221e+00
6.329999999999982663e+01 6.324006175870638957e-01 5.175405428578787603e-01 1.231450192194183169e+00
6.359999999999982379e+01 6.284316675193519774e-01 5.135934899173142387e-01 1.229023692106482324e+00
6.389999999999982094e+01 6.310770080583971708e-01 5.172130803168986102e-01 1.227572368508495382e+00
6.419999999999981810e+01 6.332448933218146614e-01 5.219181537615428246e-01 1.220338447914435021e+00
6.449999999999981526e+01 6.140623436967265203e-01 4.984825841210493436e-01 1.222802292536045776e+00
6.479999999999981242e+01 6.428728804715766465e-01 5.332508413065186748e-01 1.220921186380804047e+00
