4.500000000000000000e+01 5.612911182898581153e-01 3.912452131916691056e-01 1.292568771862610211e+00
4.529999999999999716e+01 5.586509123995572201e-01 3.895754654673777573e-01 1.291066092260334308e+00
4.559999999999999432e+01 5.556683290154635912e-01 3.875431210803738091e-01 1.289483663872010411e+00
4.589999999999999147e+01 5.526708548449806857e-01 3.854919766707143869e-01 1.287888654830011248e+00
4.619999999999998863e+01 5.494150549701929398e-01 3.831699567477505619e-01 1.286229590358936248e+00
4.649999999999998579e+01 5.464949439665306441e-01 3.810776642085786370e-01 1.284740452039047964e+00
4.679999999999998295e+01 5.431217791924488614e-01 3.786390500384106961e-01 1.283029055852026312e+00
4.709999999999998010e+01 5.396343410149437858e-01 3.760915874534491166e-01 1.281272150203993210e+00
4.739999999999997726e+01 5.361198411273753184e-01 3.735156612139435839e-01 1.279496979382910071e+00
4.769999999999997442e+01 5.325669565925705840e-01 3.708102944218532593e-01 1.277793062203287366e+00
4.799999999999997158e+01 5.285405841713433084e-01 3.677385495122354464e-01 1.275855755505370004e+00
4.829999999999996874e+01 5.247663483091505876e-01 3.648122455350035209e-01 1.274077939669966852e+00
4.859999999999996589e+01 5.207217769402436858e-01 3.616163010493231855e-01 1.272227268479426021e+00
4.889999999999996305e+01 5.161318891028060518e-01 3.579856717074948458e-01 1.270119666907221667e+00
4.919999999999996021e+01 5.114443331184014285e-01 3.541557448056419366e-01 1.268094530693202326e+00
4.949999999999995737e+01 5.065822845505688621e-01 3.501604082072612423e-01 1.266013080362771381e+00
4.979999999999995453e+01 5.008068290932428113e-01 3.453361181791692602e-01 1.263626010846436332e+00
5.009999999999995168e+01 4.947025237015889587e-01 3.399666962584681484e-01 1.261431247952979673e+00
5.039999999999994884e+01 4.885396642613354379e-01 3.345631922674440761e-01 1.259203510641948576e+00
5.069999999999994600e+01 4.830623535582215244e-01 3.297722696766724471e-01 1.257216938106055837e+00
5.099999999999994316e+01 4.782979644170107791e-01 3.256126011464345327e-01 1.255485017278648252e+00
5.129999999999994031e+01 4.734988296166663391e-01 3.214329332519394455e-01 1.253732456032734310e+00
5.159999999999993747e+01 4.691547640082991966e-01 3.177054585891985750e-01 1.252075557549145568e+00
5.189999999999993463e+01 4.649182200558849010e-01 3.140914744768599220e-01 1.250432779827783225e+00
5.219999999999993179e+01 4.611830692653821062e-01 3.109098777406766878e-01 1.248979071635256455e+00
5.249999999999992895e+01 4.570644120754029371e-01 3.074256023064603771e-01 1.247343249785874741e+00
5.279999999999992610e+01 4.529247009810791202e-01 3.039295105435116384e-01 1.245690615446554794e+00
5.309999999999992326e+01 4.487462329323956833e-01 3.004048882314602764e-01 1.244016382147205668e+00
5.339999999999992042e+01 4.450499165544505864e-01 2.972897675366059089e-01 1.242531146504424644e+00
5.369999999999991758e+01 4.407913505119874786e-01 2.937052710021064161e-01 1.240813169574591424e+00
5.399999999999991473e+01 4.369377280077694214e-01 2.904358151292362744e-01 1.239298584029801642e+00
5.429999999999991189e+01 4.322046013159204780e-01 2.863382560832416490e-01 1.237570154014558499e+00
5.459999999999990905e+01 4.280407035855837150e-01 2.827428419582052044e-01 1.236041056559825879e+00
5.489999999999990621e+01 4.238413211438362138e-01 2.791252860446286066e-01 1.234491181648207148e+00
5.519999999999990337e+01 4.209494419257353015e-01 2.766383756021810747e-01 1.233420332697979793e+00
5.549999999999990052e+01 4.176236233244693397e-01 2.737829254432037063e-01 1.232184673331820024e+00
5.579999999999989768e+01 4.150553352492236669e-01 2.716052187154512909e-01 1.231186823770611616e+00
5.609999999999989484e+01 4.128597775766595923e-01 2.697744902181244409e-01 1.230281993597830192e+00
5.639999999999989200e+01 4.106404938670760729e-01 2.679241917541654860e-01 1.229367054303034612e+00
5.669999999999988916e+01 4.084135623918087044e-01 2.660965744837587854e-01 1.228398144305845374e+00
5.699999999999988631e+01 4.068026699014425374e-01 2.648087405460901045e-01 1.227636077236830658e+00
5.729999999999988347e+01 4.051620673560468178e-01 2.634942983084619939e-01 1.226863319230509397e+00
5.759999999999988063e+01 4.038341253769981432e-01 2.624666914770859005e-01 1.226171011969600988e+00
5.789999999999987779e+01 4.029859767302912954e-01 2.618779177003150993e-01 1.225604648423191945e+00
5.819999999999987494e+01 4.020989453122740254e-01 2.612529935810014026e-01 1.225026120806706365e+00
5.849999999999987210e+01 4.015641982383142405e-01 2.609685905564544384e-01 1.224504847793894236e+00
5.879999999999986926e+01 4.019414181324369451e-01 2.615637963162735780e-01 1.224139196908162086e+00
5.909999999999986642e+01 4.022698064830904641e-01 2.621127919591639821e-01 1.223759356854485558e+00
5.939999999999986358e+01 4.024344336875090300e-01 2.625301605324983356e-01 1.223296325035907461e+00
5.969999999999986073e+01 4.020297315794854609e-01 2.625144617273607595e-01 1.222503090369354339e+00
5.999999999999985789e+01 4.016525646091628210e-01 2.624702393660818811e-01 1.221812010616849076e+00
6.029999999999985505e+01 4.011763085654764249e-01 2.623819816196184540e-01 1.220992270839245997e+00
6.059999999999985221e+01 4.006990164807576749e-01 2.622888944644977127e-01 1.220168499384745031e+00
6.089999999999984936e+01 4.001850336470497704e-01 2.621584546812935068e-01 1.219330669025233016e+00
6.119999999999984652e+01 3.997122626938684475e-01 2.620141982577863238e-01 1.218600342448872276e+00
6.149999999999984368e+01 3.997136763945527971e-01 2.623486835625515323e-01 1.217897051960856958e+00
6.179999999999984084e+01 3.999269669961907359e-01 2.628268795766218746e-01 1.217350308951988369e+00
6.209999999999983800e+01 4.001357735022202933e-01 2.633450297872372281e-01 1.216698693901222095e+00
6.239999999999983515e+01 4.010079661456434907e-01 2.645385119427027809e-01 1.216073429723428800e+00
6.269999999999983231e+01 4.025788391666448862e-01 2.663974551730736717e-01 1.215579084918366082e+00
6.299999999999982947e+01 4.043988767002002493e-01 2.685516551352736814e-01 1.214995336455995112e+00
6.329999999999982663e+01 4.058910401661589007e-01 2.703368179840530683e-01 1.214464075882706551e+00
6.359999999999982379e+01 4.053198029701622906e-01 2.703486691733826830e-01 1.213022512603290526e+00
6.389999999999982094e+01 4.046495819474902333e-01 2.703452186668900969e-01 1.211323363622886173e+00
6.419999999999981810e+01 4.040683449960225104e-01 2.703241799371335907e-01 1.209850902109663284e+00
6.449999999999981526e+01 4.028019017379017019e-01 2.697470983267336031e-01 1.207932247098757017e+00
6.479999999999981242e+01 4.013994526857994627e-01 2.689498756691897641e-01 1.206170599919732300e+00
