4.500000000000000000e+01 4.818080643747044700e-01 2.849557961793584560e-01 1.292391491635986434e+00
4.529999999999999716e+01 4.862716797634146770e-01 2.905900356017615538e-01 1.292813912972821333e+00
4.559999999999999432e+01 4.908283010249640532e-01 2.962886710526116407e-01 1.293246601987930289e+00
4.589999999999999147e+01 4.954377676090717664e-01 3.020142539382082991e-01 1.293681998379139442e+00
4.619999999999998863e+01 5.012689136770173137e-01 3.089799214342667799e-01 1.294363546875075821e+00
4.649999999999998579e+01 5.065621955608055060e-01 3.152731283385623584e-01 1.294982883907345173e+00
4.679999999999998295e+01 5.120478566958936995e-01 3.221151751288388043e-01 1.295419141861479551e+00
4.709999999999998010e+01 5.169402270830463220e-01 3.286909880105728377e-01 1.295496262850270863e+00
4.739999999999997726e+01 5.219910725054814904e-01 3.353895920694386912e-01 1.295599180570259357e+00
4.769999999999997442e+01 5.263179394986242654e-01 3.411448825386826922e-01 1.295652420698108154e+00
4.799999999999997158e+01 5.312901988711261625e-01 3.476955097042052634e-01 1.295730963274634107e+00
4.829999999999996874e+01 5.364665333336995356e-01 3.542900630867518719e-01 1.295946805729360385e+00
4.859999999999996589e+01 5.427710168313558681e-01 3.620550772635938164e-01 1.296383530640082160e+00
4.889999999999996305e+01 5.499415338745433646e-01 3.708618821310314395e-01 1.296890071206752149e+00
4.919999999999996021e+01 5.556402428353124368e-01 3.787024647186592596e-01 1.296652381568687895e+00
4.949999999999995737e+01 5.614867263903936534e-01 3.868359412441934597e-01 1.296301588809588790e+00
4.979999999999995453e+01 5.681488740853007924e-01 3.961354486694210197e-01 1.295828368506678485e+00
5.009999999999995168e+01 5.731898151933061403e-01 4.039054501998352587e-01 1.294810167362065334e+00
5.039999999999994884e+01 5.787707987784748154e-01 4.121655785806399019e-01 1.293905324221570785e+00
5.069999999999994600e+01 5.837297909815645225e-01 4.196887274747956864e-01 1.292876628238073256e+00
5.099999999999994316e+01 5.878751604215421978e-01 4.262732792075770161e-01 1.291681890709947655e+00
5.129999999999994031e+01 5.924208913928515896e-01 4.332202544084793328e-01 1.290573416643598037e+00
5.159999999999993747e+01 5.951425406983480437e-01 4.385199527106102280e-01 1.288694942068416394e+00
5.189999999999993463e+01 5.976183338205101059e-01 4.435860537561788774e-01 1.286629017968038413e+00
5.219999999999993179e+01 6.001716570658769401e-01 4.483614002651038488e-01 1.284896873353438274e+00
5.249999999999992895e+01 6.019138757837378950e-01 4.527743678882374945e-01 1.282295150744941381e+00
5.279999999999992610e+01 6.039975141767530697e-01 4.574806950277017226e-01 1.279712142862247770e+00
5.309999999999992326e+01 6.062294260588542150e-01 4.622484551486558124e-01 1.277142362653469920e+00
5.339999999999992042e+01 6.072122278495808434e-01 4.653035475148273870e-01 1.274649700615320569e+00
5.369999999999991758e+01 6.086917097986238590e-01 4.690951422272154336e-01 1.271856747570008439e+00
5.399999999999991473e+01 6.098501874901194331e-01 4.722463679567177053e-01 1.269281669062497953e+00
5.429999999999991189e+01 6.099794856449923808e-01 4.746501426020035552e-01 1.265743935646450824e+00
5.459999999999990905e+01 6.103300382851082340e-01 4.769291399218933414e-01 1.262664362651487959e+00
5.489999999999990621e+01 6.106889992651163279e-01 4.794027049078958269e-01 1.259082798744880050e+00
5.519999999999990337e+01 6.107185099147091067e-01 4.811873638906066231e-01 1.255828457608843873e+00
5.549999999999990052e+01 6.109361943554082464e-01 4.833438282455292390e-01 1.252097400681077000e+00
5.579999999999989768e+01 6.106834454357346065e-01 4.846842021975743542e-01 1.248659140929053057e+00
5.609999999999989484e+01 6.097985182133173199e-01 4.852808604006542681e-01 1.244986695492868778e+00
5.639999999999989200e+01 6.089397818562825027e-01 4.858420521191135211e-01 1.241254574438742875e+00
5.669999999999988916e+01 6.077538417548885574e-01 4.863836612968192030e-01 1.236317006977562416e+00
5.699999999999988631e+01 6.063775793332234487e-01 4.866240665953119326e-01 1.231158126465768499e+00
5.729999999999988347e+01 6.048591851721821788e-01 4.866011586390280863e-01 1.225820052702713880e+00
5.759999999999988063e+01 6.013729934921908660e-01 4.843420470381168963e-01 1.219699721947081539e+00
5.789999999999987779e+01 5.942415959680805715e-01 4.780292358672141306e-01 1.212157461367749267e+00
5.819999999999987494e+01 5.859852165226747678e-01 4.703743070761423062e-01 1.203907821979318005e+00
5.849999999999987210e+01 5.758045151708840459e-01 4.603926549885834496e-01 1.195217424418979713e+00
5.879999999999986926e+01 5.628103765014513815e-01 4.469965548140225065e-01 1.186944071163421377e+00
5.909999999999986642e+01 5.477660585388712811e-01 4.313549584550979699e-01 1.177497971960381307e+00
5.939999999999986358e+01 1.181354662819942836e-01 2.917061398030379449e-02 8.951840038617357997e-01
5.969999999999986073e+01 9.758107192181979250e-02 1.957856449107689759e-02 8.782033432623751468e-01
5.999999999999985789e+01 8.689534695961823041e-02 1.536051961831080837e-02 8.694875208071294326e-01
6.029999999999985505e+01 7.766762512017844067e-02 1.215292105589797951e-02 8.620988076665382360e-01
6.059999999999985221e+01 7.063142097599862945e-02 9.955465704955215878e-03 8.562837324991192656e-01
6.089999999999984936e+01 6.487064770898005872e-02 8.332977496793793695e-03 8.515915243512612864e-01
6.119999999999984652e+01 6.066424413572539531e-02 7.251588817155055211e-03 8.482675066147860043e-01
6.149999999999984368e+01 5.648483181711839302e-02 6.231067171424293887e-03 8.445333603535577494e-01
6.179999999999984084e+01 5.338750120705311464e-02 5.519510387271469275e-03 8.415965463620774800e-01
6.209999999999983800e+01 5.014469316648529490e-02 4.825035939259360480e-03 8.385278908166028389e-01
6.239999999999983515e+01 4.706269356422614764e-02 4.210457906651495115e-03 8.355753030225439026e-01
6.269999999999983231e+01 4.447743840481103994e-02 3.729441437704060069e-03 8.330773064548341322e-01
6.299999999999982947e+01 4.175784302228634920e-02 3.259187279248933200e-03 8.304790690684059618e-01
6.329999999999982663e+01 3.966153455016679236e-02 2.922882612638498002e-03 8.285382287748629393e-01
6.359999999999982379e+01 3.772621930689852576e-02 2.633153369316864473e-03 8.268299578786029169e-01
6.389999999999982094e+01 3.565195559954989490e-02 2.341650480280156165e-03 8.250190057078995443e-01
6.419999999999981810e+01 3.402958285294651469e-02 2.128368955645998806e-03 8.236544115857892256e-01
6.449999999999981526e+01 3.239532038592943947e-02 1.931367853105518109e-03 8.225250338981917597e-01
6.479999999999981242e+01 3.116063642233798947e-02 1.793757606560546572e-03 8.218411957475515450e-01
