4.500000000000000000e+01 3.532853610962115587e-01 1.784594673685155897e-01 1.252264069852176975e+00
4.529999999999999716e+01 3.688051699027479202e-01 1.904253247466820564e-01 1.257718791815556791e+00
4.559999999999999432e+01 3.790812350319971991e-01 1.989869781305282914e-01 1.260976980928243396e+00
4.589999999999999147e+01 3.877982841855148743e-01 2.061729732815854588e-01 1.263757415835996767e+00
4.619999999999998863e+01 3.959657767312294574e-01 2.127175173824719101e-01 1.266444844332021091e+00
4.649999999999998579e+01 4.041104804573395493e-01 2.191150246465487228e-01 1.269180733283256757e+00
4.679999999999998295e+01 4.138419364768916031e-01 2.268240250212297804e-01 1.272406681308188237e+00
4.709999999999998010e+01 4.260069923213715137e-01 2.366161261965836760e-01 1.276350145449546725e+00
4.739999999999997726e+01 4.378921744336317645e-01 2.468478397472034513e-01 1.279862205688325982e+00
4.769999999999997442e+01 4.479989171693560257e-01 2.558001749676198644e-01 1.282719304330075305e+00
4.799999999999997158e+01 4.584492469359037203e-01 2.655936450125817583e-01 1.285397955070223253e+00
4.829999999999996874e+01 4.667231966216396355e-01 2.736978198947930263e-01 1.287334342638318363e+00
4.859999999999996589e+01 4.740749951938295625e-01 2.812574675613798703e-01 1.288860369315775856e+00
4.889999999999996305e+01 4.822388986429786972e-01 2.896918759985405156e-01 1.290528166317846503e+00
4.919999999999996021e+01 4.877544298540019141e-01 2.958378086134589857e-01 1.291401030702722386e+00
4.949999999999995737e+01 4.925842589501044366e-01 3.014589769235294647e-01 1.292020245916384313e+00
4.979999999999995453e+01 4.977787544029004252e-01 3.075359656989501422e-01 1.292656227677628999e+00
5.009999999999995168e+01 5.019555405178340868e-01 3.125720510951759401e-01 1.293068912920372293e+00
5.039999999999994884e+01 5.044215390074718863e-01 3.162113476080494201e-01 1.292895879774612622e+00
5.069999999999994600e+01 5.066519047975780454e-01 3.194517769987616496e-01 1.292756377116268229e+00
5.099999999999994316e+01 5.087417136307202936e-01 3.224238960724647995e-01 1.292655192047736712e+00
5.129999999999994031e+01 5.108690263728914438e-01 3.253290331833947335e-01 1.292621264938134118e+00
5.159999999999993747e+01 5.129666833243473612e-01 3.281949558720888560e-01 1.292579660724639590e+00
5.189999999999993463e+01 5.153166646633733361e-01 3.312964510046895739e-01 1.292598750520202122e+00
5.219999999999993179e+01 5.175700088987597036e-01 3.341950552013074338e-01 1.292662930989872505e+00
5.249999999999992895e+01 5.201066735972312838e-01 3.374625327099430305e-01 1.292727020936064397e+00
5.279999999999992610e+01 5.228970808449612262e-01 3.410221435706216053e-01 1.292816079433519061e+00
5.309999999999992326e+01 5.257892644485985256e-01 3.446984862213473555e-01 1.292912286840210978e+00
5.339999999999992042e+01 5.282858532699726828e-01 3.478757450837687282e-01 1.292988516491684114e+00
5.369999999999991758e+01 5.313345639936087883e-01 3.517615347115863877e-01 1.293072468043819478e+00
5.399999999999991473e+01 5.340139630965059503e-01 3.551794097993219435e-01 1.293139902873536418e+00
5.429999999999991189e+01 5.370399229759009740e-01 3.590429501629490150e-01 1.293208875218907927e+00
5.459999999999990905e+01 5.395710903354373755e-01 3.624556305385459587e-01 1.293123916424198550e+00
5.489999999999990621e+01 5.424514564890271506e-01 3.663365595140901099e-01 1.293021090487679770e+00
5.519999999999990337e+01 5.449583121418657417e-01 3.697113154869817730e-01 1.292927148397802206e+00
5.549999999999990052e+01 5.476344408854358914e-01 3.734724881835107535e-01 1.292692003455183203e+00
5.579999999999989768e+01 5.499785296681325431e-01 3.767552606435518592e-01 1.292486679099178470e+00
5.609999999999989484e+01 5.523347305410689634e-01 3.800470287900101773e-01 1.292279012236539293e+00
5.639999999999989200e+01 5.549467455598354748e-01 3.837201606645147534e-01 1.292019420788390160e+00
5.669999999999988916e+01 5.579545120180408047e-01 3.879271457346727403e-01 1.291727869411495533e+00
5.699999999999988631e+01 5.605636925373820301e-01 3.915919521355357702e-01 1.291451627996939466e+00
5.729999999999988347e+01 5.627423031610370163e-01 3.950190748767992699e-01 1.290884407644927512e+00
5.759999999999988063e+01 5.649827157664748523e-01 3.984918002408727733e-01 1.290329830805090561e+00
5.789999999999987779e+01 5.672819553600939591e-01 4.020081579593841048e-01 1.289787493368825588e+00
5.819999999999987494e+01 5.684952688457001191e-01 4.044053099776777072e-01 1.288979538583549189e+00
5.849999999999987210e+01 5.697272976140976830e-01 4.068043116096283218e-01 1.288172324115490319e+00
5.879999999999986926e+01 5.710126583509074205e-01 4.092408894023036314e-01 1.287374560869099627e+00
5.909999999999986642e+01 5.721534148722488000e-01 4.115075249398609247e-01 1.286544220351054868e+00
5.939999999999986358e+01 5.733099079061079184e-01 4.137734373625871487e-01 1.285715094003475834e+00
5.969999999999986073e+01 5.745128745783332214e-01 4.160715747607612314e-01 1.284893852964292371e+00
5.999999999999985789e+01 5.754933971456688280e-01 4.179752300474322002e-01 1.284177356996996755e+00
6.029999999999985505e+01 5.766339565510116838e-01 4.201780297923101148e-01 1.283338659399288151e+00
6.059999999999985221e+01 5.778148440275592268e-01 4.224081326029066052e-01 1.282506478078253354e+00
6.089999999999984936e+01 5.789348832896806796e-01 4.246459496123064503e-01 1.281560392050577590e+00
6.119999999999984652e+01 5.798563939016272428e-01 4.265850057228602332e-01 1.280651547813146385e+00
6.149999999999984368e+01 5.809960513481170485e-01 4.288973424029357551e-01 1.279601549903447211e+00
6.179999999999984084e+01 5.819680696231980255e-01 4.308592423095516932e-01 1.278697016234425110e+00
6.209999999999983800e+01 5.826363834218573068e-01 4.326415606810032899e-01 1.277531606642203554e+00
6.239999999999983515e+01 5.833628384209561535e-01 4.344672414421064666e-01 1.276373501941022948e+00
6.269999999999983231e+01 5.840305529709965970e-01 4.360656024586433421e-01 1.275386341725059491e+00
6.299999999999982947e+01 5.847637646628554009e-01 4.378498592548772383e-01 1.274240335084846798e+00
6.329999999999982663e+01 5.854156764547883141e-01 4.393886573567802878e-01 1.273262156828706360e+00
6.359999999999982379e+01 5.861010538736881603e-01 4.409511809153073836e-01 1.272287387129707570e+00
6.389999999999982094e+01 5.872252834273218314e-01 4.431601445261496575e-01 1.271140311458458960e+00
6.419999999999981810e+01 5.885377095439758843e-01 4.454685310390834596e-01 1.270149559359992519e+00
6.449999999999981526e+01 5.901341940074400494e-01 4.482143770719219655e-01 1.269003936417233858e+00
6.479999999999981242e+01 5.915149902784336833e-01 4.505714658982445942e-01 1.268014393637326931e+00
