4.500000000000000000e+01 4.309417118279408876e-01 2.588499268394806041e-01 1.242445184737757335e+00
4.529999999999999716e+01 4.353793770083776438e-01 2.638917165456042269e-01 1.243475135958436395e+00
4.559999999999999432e+01 4.396863205826170851e-01 2.688084018882122006e-01 1.244445462053863416e+00
4.589999999999999147e+01 4.439286909776302137e-01 2.736671546930982135e-01 1.245380129185518658e+00
4.619999999999998863e+01 4.473916832241107699e-01 2.780468033011349593e-01 1.245904911631770640e+00
4.649999999999998579e+01 4.501674756779064368e-01 2.817480623659569527e-01 1.246198253193700367e+00
4.679999999999998295e+01 4.531942727117422298e-01 2.858118457124440570e-01 1.246488735862841812e+00
4.709999999999998010e+01 4.556956091606709225e-01 2.894259505432332236e-01 1.246547227444648298e+00
4.739999999999997726e+01 4.581870608382714871e-01 2.930176372863474987e-01 1.246591554543276859e+00
4.769999999999997442e+01 4.597936803555400243e-01 2.955781618691232793e-01 1.246408440271266960e+00
4.799999999999997158e+01 4.614068909550716469e-01 2.982276003411296617e-01 1.246150223782871214e+00
4.829999999999996874e+01 4.627755025002386891e-01 3.005011681122012335e-01 1.245864300284067916e+00
4.859999999999996589e+01 4.639128525263545577e-01 3.024977845015912048e-01 1.245478308941153411e+00
4.889999999999996305e+01 4.652191084229285734e-01 3.047418817369444977e-01 1.245062157817997006e+00
4.919999999999996021e+01 4.665681313089933280e-01 3.068440175934388781e-01 1.244758876275831927e+00
4.949999999999995737e+01 4.680613198167615230e-01 3.090287136039303051e-01 1.244525430858718362e+00
4.979999999999995453e+01 4.697440503054932104e-01 3.114691932732659430e-01 1.244280573607982276e+00
5.009999999999995168e+01 4.717219533770908302e-01 3.141253798217441551e-01 1.244245444536495881e+00
5.039999999999994884e+01 4.736911260930365408e-01 3.167660472583170295e-01 1.244205693445707972e+00
5.069999999999994600e+01 4.759320394008270672e-01 3.196936612135962696e-01 1.244253856758138932e+00
5.099999999999994316e+01 4.791820396508710278e-01 3.236833466607454413e-01 1.244617434461764649e+00
5.129999999999994031e+01 4.823790009576059412e-01 3.276191388708224461e-01 1.244960691614839465e+00
5.159999999999993747e+01 4.858515351440494956e-01 3.318558175487263950e-01 1.245393803045495185e+00
5.189999999999993463e+01 4.895883180501590104e-01 3.363780654044581930e-01 1.245906945720528736e+00
5.219999999999993179e+01 4.927504069137911835e-01 3.402445467006972590e-01 1.246305892987468189e+00
5.249999999999992895e+01 2.888564891910070861e-02 1.328421885760054481e-02 3.756923111382957092e-01
5.279999999999992610e+01 4.993531031005126741e-01 3.498237459217321543e-01 1.246054159374116788e+00
5.309999999999992326e+01 5.026827978764965010e-01 3.547648994333129080e-01 1.245824446986572021e+00
5.339999999999992042e+01 5.045963411208738147e-01 3.581413938282784204e-01 1.245218466720371175e+00
5.369999999999991758e+01 5.068471780625819489e-01 3.620305360211102941e-01 1.244545224732057864e+00
5.399999999999991473e+01 5.088189882308928880e-01 3.654374314969048299e-01 1.243938282163635334e+00
5.429999999999991189e+01 5.104708402792298427e-01 3.686659130259890560e-01 1.243049958304900615e+00
5.459999999999990905e+01 5.118935520438583353e-01 3.714666434030328701e-01 1.242245167787940030e+00
5.489999999999990621e+01 5.135359860903883078e-01 3.746759797252428581e-01 1.241308470322654678e+00
5.519999999999990337e+01 5.142804550150041898e-01 3.769533190503475684e-01 1.240067479176088838e+00
5.549999999999990052e+01 5.153009843589495542e-01 3.796829092307876241e-01 1.238702585443439252e+00
5.579999999999989768e+01 5.162452163667028415e-01 3.821228399446187640e-01 1.237503767596294324e+00
5.609999999999989484e+01 5.174432277414402481e-01 3.848157041667988332e-01 1.236378523939454244e+00
5.639999999999989200e+01 5.187127644687676842e-01 3.875630620897327350e-01 1.235267257560545229e+00
5.669999999999988916e+01 5.202917697151061560e-01 3.907930209660756549e-01 1.234043051566856564e+00
5.699999999999988631e+01 5.215497835037139485e-01 3.934866184283502544e-01 1.232914667258025565e+00
5.729999999999988347e+01 5.228693143994559422e-01 3.962266443459688259e-01 1.231798063625102246e+00
5.759999999999988063e+01 5.241980284499803133e-01 3.990127580435916532e-01 1.230621485230109169e+00
5.789999999999987779e+01 5.252034365600753985e-01 4.019208697324277435e-01 1.228792712770013784e+00
5.819999999999987494e+01 5.263511096916663190e-01 4.049458778249618862e-01 1.226992908920536696e+00
5.849999999999987210e+01 5.276338931902752050e-01 4.080845072110173555e-01 1.225222618677011654e+00
5.879999999999986926e+01 5.271256768955412397e-01 4.094931625125454722e-01 1.222506502528558636e+00
5.909999999999986642e+01 5.267111373829432841e-01 4.109597903266643537e-01 1.219778451085503646e+00
5.939999999999986358e+01 5.264033363387586872e-01 4.124993102672598888e-01 1.217049857226757403e+00
5.969999999999986073e+01 5.229641292766126215e-01 4.105736897220657045e-01 1.213162340898489289e+00
5.999999999999985789e+01 5.194677309999321535e-01 4.083155537367625931e-01 1.209559509975049130e+00
6.029999999999985505e+01 5.154029644303885771e-01 4.056287755909134818e-01 1.205289449212140651e+00
6.059999999999985221e+01 5.102521364499774670e-01 4.003641320452047125e-01 1.202623737390470682e+00
6.089999999999984936e+01 5.209162105925692066e-01 4.123849617264370160e-01 1.205839417343379960e+00
6.119999999999984652e+01 5.216022226310775833e-01 4.175464152010513463e-01 1.199042747296316769e+00
6.149999999999984368e+01 5.039148735516066901e-01 3.984751506021600997e-01 1.191358275646439369e+00
6.179999999999984084e+01 5.090990577087664004e-01 4.041791627767751249e-01 1.193160305887543515e+00
6.209999999999983800e+01 5.050088141327779834e-01 4.032193654394122251e-01 1.184889925495081320e+00
6.239999999999983515e+01 4.935265372298635600e-01 3.905855975239381772e-01 1.180086733274625210e+00
6.269999999999983231e+01 5.002073662004449250e-01 3.979825664124357343e-01 1.182449006939872538e+00
6.299999999999982947e+01 5.015318544587245020e-01 4.031636293056876097e-01 1.175112736903881183e+00
6.329999999999982663e+01 4.897822067540511526e-01 3.911300499998854319e-01 1.167885995561212420e+00
6.359999999999982379e+01 4.826090171208396451e-01 3.838019188254124803e-01 1.163273960664806594e+00
6.389999999999982094e+01 4.817030487776651215e-01 3.837544501012890574e-01 1.160209380913652666e+00
6.419999999999981810e+01 1.657454597873061208e-01 6.795259076385558317e-02 9.185033445533399288e-01
6.449999999999981526e+01 4.608097323904222220e-01 3.606771230101386561e-01 1.150967721115924824e+00
6.479999999999981242e+01 1.843937635398973096e-01 8.268174683250083257e-02 9.300092586460172450e-01
