4.500000000000000000e+01 4.985115781461860185e-01 2.955652859996120707e-01 1.208133383491713841e+00
4.529999999999999716e+01 5.038690099668999833e-01 3.014932543545381649e-01 1.209953052082565206e+00
4.559999999999999432e+01 5.089654500612297294e-01 3.071906900700843712e-01 1.211648950674748315e+00
4.589999999999999147e+01 5.139030550967766953e-01 3.127470202195677396e-01 1.213249997268037061e+00
4.619999999999998863e+01 5.181113321333166155e-01 3.179218095998302962e-01 1.214414429642671989e+00
4.649999999999998579e+01 5.215853436444199964e-01 3.223707494060590872e-01 1.215229757744231032e+00
4.679999999999998295e+01 5.252516642898511501e-01 3.271525482676375107e-01 1.216070496180662763e+00
4.709999999999998010e+01 5.283196749705457718e-01 3.314194966432267853e-01 1.216610230768854217e+00
4.739999999999997726e+01 5.313091949237392919e-01 3.355990344363132261e-01 1.217095548148648732e+00
4.769999999999997442e+01 5.332726363268316394e-01 3.385710696042444345e-01 1.217198630025468686e+00
4.799999999999997158e+01 5.351444561565384950e-01 3.415484957403618904e-01 1.217224021203618944e+00
4.829999999999996874e+01 5.367127489793840356e-01 3.440874492532756679e-01 1.217151635057887926e+00
4.859999999999996589e+01 5.379252072591620415e-01 3.462402533922622205e-01 1.216935482881083441e+00
4.889999999999996305e+01 5.392110570946743175e-01 3.485704735505747442e-01 1.216703108375789988e+00
4.919999999999996021e+01 5.404813345578731720e-01 3.506980826405248775e-01 1.216523961718049884e+00
4.949999999999995737e+01 5.418294457103532968e-01 3.528456953342706259e-01 1.216395822512631897e+00
4.979999999999995453e+01 5.432642057826074788e-01 3.551686633977049756e-01 1.216262526077483086e+00
5.009999999999995168e+01 5.451187385882020342e-01 3.577976590740277185e-01 1.216327185798987465e+00
5.039999999999994884e+01 5.469314696137165255e-01 3.603800108993683304e-01 1.216371958650232399e+00
5.069999999999994600e+01 5.490228315750844690e-01 3.632632942974451384e-01 1.216513041195903533e+00
5.099999999999994316e+01 4.978772108485692710e-02 1.766896156030963588e-02 4.257422730484026752e-01
5.129999999999994031e+01 5.552537598877891334e-01 3.712582864835633489e-01 1.217522080546357799e+00
5.159999999999993747e+01 5.585942772544003621e-01 3.755136522438959346e-01 1.218100538093487728e+00
5.189999999999993463e+01 5.621837696499117909e-01 3.800507988713243135e-01 1.218763112595741882e+00
5.219999999999993179e+01 5.652355278188796461e-01 3.839347953192829288e-01 1.219258172825177455e+00
5.249999999999992895e+01 5.686126672380711344e-01 3.888919952886354947e-01 1.219430883868904747e+00
5.279999999999992610e+01 5.719824621886778759e-01 3.941448399698541105e-01 1.219378539023316721e+00
5.309999999999992326e+01 5.753584331734769020e-01 3.993881057455947459e-01 1.219314055652344742e+00
5.339999999999992042e+01 5.773105648893243069e-01 4.029864001668857498e-01 1.218764312370541836e+00
5.369999999999991758e+01 5.795020083545904255e-01 4.070335147028359413e-01 1.218151279729203562e+00
5.399999999999991473e+01 5.814286323773867338e-01 4.105679293395170792e-01 1.217560936756741929e+00
5.429999999999991189e+01 5.829123615279359072e-01 4.138096533881783223e-01 1.216649344292914048e+00
5.459999999999990905e+01 5.841961465295762990e-01 4.166112683911799008e-01 1.215788591096624627e+00
5.489999999999990621e+01 5.856008209279561783e-01 4.197494244926178175e-01 1.214786919994921943e+00
5.519999999999990337e+01 5.862029498514639281e-01 4.220031141929904694e-01 1.213427750898746771e+00
5.549999999999990052e+01 5.869625852307529534e-01 4.246151819365427404e-01 1.211930372347506335e+00
5.579999999999989768e+01 5.876860555988109303e-01 4.269393415299593819e-01 1.210580006786491802e+00
5.609999999999989484e+01 5.886359404633166870e-01 4.294884669574451364e-01 1.209296824455548203e+00
5.639999999999989200e+01 5.896186348419349965e-01 4.320474904934449856e-01 1.208011327805859736e+00
5.669999999999988916e+01 5.907833629972376599e-01 4.349808706824441762e-01 1.206589222909314696e+00
5.699999999999988631e+01 5.916808051404746083e-01 4.373896085515598386e-01 1.205241182472908568e+00
5.729999999999988347e+01 5.926027240763860338e-01 4.398019552549608524e-01 1.203888586501205227e+00
5.759999999999988063e+01 5.935117857683794851e-01 4.422318322069699881e-01 1.202455168369663374e+00
5.789999999999987779e+01 5.941442966340844123e-01 4.448293787416489065e-01 1.200313445019256520e+00
5.819999999999987494e+01 5.948593608239658437e-01 4.474728417354033594e-01 1.198173628946093139e+00
5.849999999999987210e+01 5.956563253599140850e-01 4.501633709708792730e-01 1.196034578088757794e+00
5.879999999999986926e+01 5.945443913932842994e-01 4.509084837210033392e-01 1.192764880959316542e+00
5.909999999999986642e+01 5.934237262140145130e-01 4.515870915327655499e-01 1.189428814857256267e+00
5.939999999999986358e+01 5.923105529443583039e-01 4.522147590381674354e-01 1.186034602136926353e+00
5.969999999999986073e+01 5.877177931455285220e-01 4.488377217277083053e-01 1.181150860532800273e+00
5.999999999999985789e+01 5.830309715922944447e-01 4.450596085695549542e-01 1.176521401205690376e+00
6.029999999999985505e+01 5.772703884674428298e-01 4.402645807058367944e-01 1.170937189706853676e+00
6.059999999999985221e+01 5.703544636449540128e-01 4.328149586037286500e-01 1.167117249059640649e+00
6.089999999999984936e+01 5.814002642157986012e-01 4.456391233370620708e-01 1.170857112640918851e+00
6.119999999999984652e+01 5.799396711898705536e-01 4.481382711974943867e-01 1.162007523716076074e+00
6.149999999999984368e+01 5.573923813534160665e-01 4.229205054026271560e-01 1.151050830560137017e+00
6.179999999999984084e+01 5.627871324513694651e-01 4.290078079674572442e-01 1.153075942605615412e+00
6.209999999999983800e+01 5.531252596044413661e-01 4.212553728009160170e-01 1.140701436442194128e+00
6.239999999999983515e+01 5.362265428438401926e-01 4.021835088677582215e-01 1.132618820537138582e+00
6.269999999999983231e+01 5.440750010912982493e-01 4.110607016754066478e-01 1.135749930540733255e+00
6.299999999999982947e+01 2.157142985637717780e-01 8.272503847215872952e-02 9.092917257072280490e-01
6.329999999999982663e+01 2.699132478992823381e-01 1.284644754102372555e-01 9.502598264534697359e-01
6.359999999999982379e+01 3.039073791511759381e-01 1.600822782868041860e-01 9.740848580436136661e-01
6.389999999999982094e+01 3.429077296032562172e-01 1.983292531384518997e-01 9.973415972793966411e-01
6.419999999999981810e+01 5.575617752414262218e-02 2.611013581592413254e-03 7.447774379621671104e-01
6.449999999999981526e+01 7.245128870704865831e-02 6.336495473031125703e-03 7.773899620508899488e-01
6.479999999999981242e+01 5.247225129950011668e-02 2.094286245181272745e-03 7.367727904485553703e-01
