3.000000000000000000e+00 1.000000000000000000e+01 5.636007921849162106e-01
7.000000000000000000e+00 1.000000000000000000e+01 5.836502278696605872e-01
3.000000000000000000e+00 2.000000000000000000e+01 5.988671113111876387e-01
7.000000000000000000e+00 2.000000000000000000e+01 5.956003658350316199e-01
3.000000000000000000e+00 3.000000000000000000e+01 6.023946180919048654e-01
7.000000000000000000e+00 3.000000000000000000e+01 5.966905004743833230e-01
3.000000000000000000e+00 4.000000000000000000e+01 6.026988321769795043e-01
7.000000000000000000e+00 4.000000000000000000e+01 5.967777521678919728e-01
3.000000000000000000e+00 5.000000000000000000e+01 6.027214526094863967e-01
7.000000000000000000e+00 5.000000000000000000e+01 5.967837257523569416e-01
3.000000000000000000e+00 6.000000000000000000e+01 6.027227832582323641e-01
7.000000000000000000e+00 6.000000000000000000e+01 5.967840338827714586e-01
3.000000000000000000e+00 7.000000000000000000e+01 6.027228213801846257e-01
7.000000000000000000e+00 7.000000000000000000e+01 5.967840379456098576e-01
3.000000000000000000e+00 8.000000000000000000e+01 6.027228166664657660e-01
7.000000000000000000e+00 8.000000000000000000e+01 5.967840361564009655e-01
3.000000000000000000e+00 9.000000000000000000e+01 6.027228155255681674e-01
7.000000000000000000e+00 9.000000000000000000e+01 5.967840358214853147e-01
