3.000000000000000000e+00 1.000000000000000000e+01 6.430276952340618912e-02
7.000000000000000000e+00 1.000000000000000000e+01 3.151659949582956421e-02
3.000000000000000000e+00 2.000000000000000000e+01 2.201660473236306120e-02
7.000000000000000000e+00 2.000000000000000000e+01 2.768479603257948882e-02
3.000000000000000000e+00 3.000000000000000000e+01 4.252748368131534923e-02
7.000000000000000000e+00 3.000000000000000000e+01 4.208014008363394204e-02
3.000000000000000000e+00 4.000000000000000000e+01 3.451032669602668856e-02
7.000000000000000000e+00 4.000000000000000000e+01 3.238818723105314074e-02
3.000000000000000000e+00 5.000000000000000000e+01 3.566792520888777823e-02
7.000000000000000000e+00 5.000000000000000000e+01 3.613638389797305811e-02
3.000000000000000000e+00 6.000000000000000000e+01 3.831063217238310503e-02
7.000000000000000000e+00 6.000000000000000000e+01 3.488529156375917706e-02
3.000000000000000000e+00 7.000000000000000000e+01 3.649388896270381460e-02
7.000000000000000000e+00 7.000000000000000000e+01 3.389940724889321105e-02
3.000000000000000000e+00 8.000000000000000000e+01 3.729142663838211358e-02
7.000000000000000000e+00 8.000000000000000000e+01 3.460701801097866570e-02
3.000000000000000000e+00 9.000000000000000000e+01 3.712924817187126386e-02
7.000000000000000000e+00 9.000000000000000000e+01 3.430203460271547683e-02
