3.000000000000000000e+00 1.000000000000000000e+01 4.408881521528419944e-01
7.000000000000000000e+00 1.000000000000000000e+01 4.567566976022579550e-01
3.000000000000000000e+00 2.000000000000000000e+01 7.097263910134300746e-02
7.000000000000000000e+00 2.000000000000000000e+01 4.959140909296137489e-01
3.000000000000000000e+00 3.000000000000000000e+01 2.731148520148323766e-01
7.000000000000000000e+00 3.000000000000000000e+01 4.982852481418890145e-01
3.000000000000000000e+00 4.000000000000000000e+01 8.327254120302998719e-02
7.000000000000000000e+00 4.000000000000000000e+01 2.780036828596531007e-01
3.000000000000000000e+00 5.000000000000000000e+01 5.360918352635958284e-01
7.000000000000000000e+00 5.000000000000000000e+01 2.775428780929545813e-01
3.000000000000000000e+00 6.000000000000000000e+01 5.360894055936317182e-01
7.000000000000000000e+00 6.000000000000000000e+01 2.775186795339214529e-01
3.000000000000000000e+00 7.000000000000000000e+01 5.360885358129846567e-01
7.000000000000000000e+00 7.000000000000000000e+01 2.775371306669253690e-01
3.000000000000000000e+00 8.000000000000000000e+01 5.360883822015779510e-01
7.000000000000000000e+00 8.000000000000000000e+01 2.775446768743223269e-01
3.000000000000000000e+00 9.000000000000000000e+01 5.360883613266961278e-01
7.000000000000000000e+00 9.000000000000000000e+01 2.775461309332686310e-01
