3.000000000000000000e+00 1.000000000000000000e+01 5.643829283389114604e-01
7.000000000000000000e+00 1.000000000000000000e+01 5.839950578928077007e-01
3.000000000000000000e+00 2.000000000000000000e+01 5.988355217560795696e-01
7.000000000000000000e+00 2.000000000000000000e+01 5.955525954199804017e-01
3.000000000000000000e+00 3.000000000000000000e+01 6.022031572967266877e-01
7.000000000000000000e+00 3.000000000000000000e+01 5.965821785616765016e-01
3.000000000000000000e+00 4.000000000000000000e+01 6.024864564334436734e-01
7.000000000000000000e+00 4.000000000000000000e+01 5.966624673402528556e-01
3.000000000000000000e+00 5.000000000000000000e+01 6.025069249995065324e-01
7.000000000000000000e+00 5.000000000000000000e+01 5.966677962986529637e-01
3.000000000000000000e+00 6.000000000000000000e+01 6.025080819716086555e-01
7.000000000000000000e+00 6.000000000000000000e+01 5.966680583248186176e-01
3.000000000000000000e+00 7.000000000000000000e+01 6.025081110333669887e-01
7.000000000000000000e+00 7.000000000000000000e+01 5.966680605680620975e-01
3.000000000000000000e+00 8.000000000000000000e+01 6.025081065165811545e-01
7.000000000000000000e+00 8.000000000000000000e+01 5.966680589196859952e-01
3.000000000000000000e+00 9.000000000000000000e+01 6.025081055136738417e-01
7.000000000000000000e+00 9.000000000000000000e+01 5.966680586299557554e-01
