3.000000000000000000e+00 1.000000000000000000e+01 5.621405268912057357e-02
7.000000000000000000e+00 1.000000000000000000e+01 3.371797439224145931e-02
3.000000000000000000e+00 2.000000000000000000e+01 2.120255635315460366e-02
7.000000000000000000e+00 2.000000000000000000e+01 3.098228968319839682e-02
3.000000000000000000e+00 3.000000000000000000e+01 4.094656531286840206e-02
7.000000000000000000e+00 3.000000000000000000e+01 4.455373259060167040e-02
3.000000000000000000e+00 4.000000000000000000e+01 3.088590999161902606e-02
7.000000000000000000e+00 4.000000000000000000e+01 3.551430533953250923e-02
3.000000000000000000e+00 5.000000000000000000e+01 3.410987334303346163e-02
7.000000000000000000e+00 5.000000000000000000e+01 3.847194232284295579e-02
3.000000000000000000e+00 6.000000000000000000e+01 3.352991403991844449e-02
7.000000000000000000e+00 6.000000000000000000e+01 3.863936034690436394e-02
3.000000000000000000e+00 7.000000000000000000e+01 3.212173108129709465e-02
7.000000000000000000e+00 7.000000000000000000e+01 3.749739931500685464e-02
3.000000000000000000e+00 8.000000000000000000e+01 3.330359772383494066e-02
7.000000000000000000e+00 8.000000000000000000e+01 3.844053367199977422e-02
3.000000000000000000e+00 9.000000000000000000e+01 3.257000254221485702e-02
7.000000000000000000e+00 9.000000000000000000e+01 3.796990415722262951e-02
