3.000000000000000000e+00 1.000000000000000000e+01 1.180115796305399728e-01
7.000000000000000000e+00 1.000000000000000000e+01 2.433070524751544395e-01
3.000000000000000000e+00 2.000000000000000000e+01 4.805778442620341900e-02
7.000000000000000000e+00 2.000000000000000000e+01 4.197716279454232202e-01
3.000000000000000000e+00 3.000000000000000000e+01 5.898549747950990185e-02
7.000000000000000000e+00 3.000000000000000000e+01 4.208411006786111908e-01
3.000000000000000000e+00 4.000000000000000000e+01 7.020675801471099042e-02
7.000000000000000000e+00 4.000000000000000000e+01 4.204910894107590780e-01
3.000000000000000000e+00 5.000000000000000000e+01 6.170338531939956184e-02
7.000000000000000000e+00 5.000000000000000000e+01 4.203603837226440043e-01
3.000000000000000000e+00 6.000000000000000000e+01 6.541773647542391268e-02
7.000000000000000000e+00 6.000000000000000000e+01 4.203331842728691981e-01
3.000000000000000000e+00 7.000000000000000000e+01 6.682346649873695255e-02
7.000000000000000000e+00 7.000000000000000000e+01 4.203291938627143898e-01
3.000000000000000000e+00 8.000000000000000000e+01 6.656847380544214654e-02
7.000000000000000000e+00 8.000000000000000000e+01 4.203288398989372121e-01
3.000000000000000000e+00 9.000000000000000000e+01 6.632954548632913339e-02
7.000000000000000000e+00 9.000000000000000000e+01 4.203288540021588027e-01
