3.000000000000000000e+00 1.000000000000000000e+01 5.612180295738592589e-02
7.000000000000000000e+00 1.000000000000000000e+01 3.359781392892163820e-02
3.000000000000000000e+00 2.000000000000000000e+01 2.121211118648826111e-02
7.000000000000000000e+00 2.000000000000000000e+01 3.106517841378458183e-02
3.000000000000000000e+00 3.000000000000000000e+01 4.099142411597243157e-02
7.000000000000000000e+00 3.000000000000000000e+01 4.453911287207416858e-02
3.000000000000000000e+00 4.000000000000000000e+01 3.082030446540463126e-02
7.000000000000000000e+00 4.000000000000000000e+01 3.548823756023510023e-02
3.000000000000000000e+00 5.000000000000000000e+01 3.416102323390077938e-02
7.000000000000000000e+00 5.000000000000000000e+01 3.851992174966958199e-02
3.000000000000000000e+00 6.000000000000000000e+01 3.348749123009411161e-02
7.000000000000000000e+00 6.000000000000000000e+01 3.861555869128709129e-02
3.000000000000000000e+00 7.000000000000000000e+01 3.213506147052230810e-02
7.000000000000000000e+00 7.000000000000000000e+01 3.751521501819495702e-02
3.000000000000000000e+00 8.000000000000000000e+01 3.329375920392509125e-02
7.000000000000000000e+00 8.000000000000000000e+01 3.844693986980163292e-02
3.000000000000000000e+00 9.000000000000000000e+01 3.256256974706845525e-02
7.000000000000000000e+00 9.000000000000000000e+01 3.797058515682226465e-02
