3.000000000000000000e+00 1.000000000000000000e+01 6.413362493297607159e-02
7.000000000000000000e+00 1.000000000000000000e+01 3.126099915983869548e-02
3.000000000000000000e+00 2.000000000000000000e+01 2.376958130770918248e-02
7.000000000000000000e+00 2.000000000000000000e+01 2.780916304184991028e-02
3.000000000000000000e+00 3.000000000000000000e+01 4.267072407942238549e-02
7.000000000000000000e+00 3.000000000000000000e+01 4.207515572806980186e-02
3.000000000000000000e+00 4.000000000000000000e+01 3.435973567053481059e-02
7.000000000000000000e+00 4.000000000000000000e+01 3.231629523656823905e-02
3.000000000000000000e+00 5.000000000000000000e+01 3.573701644975747771e-02
7.000000000000000000e+00 5.000000000000000000e+01 3.620002928364914052e-02
3.000000000000000000e+00 6.000000000000000000e+01 3.826265441522885835e-02
7.000000000000000000e+00 6.000000000000000000e+01 3.482910891998338559e-02
3.000000000000000000e+00 7.000000000000000000e+01 3.646956583480551878e-02
7.000000000000000000e+00 7.000000000000000000e+01 3.390470759266982215e-02
3.000000000000000000e+00 8.000000000000000000e+01 3.729105528731984504e-02
7.000000000000000000e+00 8.000000000000000000e+01 3.459949356617448429e-02
3.000000000000000000e+00 9.000000000000000000e+01 3.709565017346697080e-02
7.000000000000000000e+00 9.000000000000000000e+01 3.428332809456048624e-02
