3.000000000000000000e+00 1.000000000000000000e+01 5.800683707000070521e-01
7.000000000000000000e+00 1.000000000000000000e+01 5.860096438342695668e-01
3.000000000000000000e+00 2.000000000000000000e+01 6.101407554204951733e-01
7.000000000000000000e+00 2.000000000000000000e+01 5.972486869283136768e-01
3.000000000000000000e+00 3.000000000000000000e+01 6.129262447460896990e-01
7.000000000000000000e+00 3.000000000000000000e+01 5.982157532267298183e-01
3.000000000000000000e+00 4.000000000000000000e+01 6.131509199349318706e-01
7.000000000000000000e+00 4.000000000000000000e+01 5.982888413632866387e-01
3.000000000000000000e+00 5.000000000000000000e+01 6.131667960690164731e-01
7.000000000000000000e+00 5.000000000000000000e+01 5.982935909241542394e-01
3.000000000000000000e+00 6.000000000000000000e+01 6.131677275533268245e-01
7.000000000000000000e+00 6.000000000000000000e+01 5.982938290030355155e-01
3.000000000000000000e+00 7.000000000000000000e+01 6.131677635814424265e-01
7.000000000000000000e+00 7.000000000000000000e+01 5.982938334255679669e-01
3.000000000000000000e+00 8.000000000000000000e+01 6.131677627788075791e-01
7.000000000000000000e+00 8.000000000000000000e+01 5.982938324709293765e-01
3.000000000000000000e+00 9.000000000000000000e+01 6.131677624038399665e-01
7.000000000000000000e+00 9.000000000000000000e+01 5.982938322908303297e-01
