3.000000000000000000e+00 1.000000000000000000e+01 5.642282995407186252e-01
7.000000000000000000e+00 1.000000000000000000e+01 5.839271554905899331e-01
3.000000000000000000e+00 2.000000000000000000e+01 5.988423749378651850e-01
7.000000000000000000e+00 2.000000000000000000e+01 5.955622541890828181e-01
3.000000000000000000e+00 3.000000000000000000e+01 6.022414246726287557e-01
7.000000000000000000e+00 3.000000000000000000e+01 5.966036829833485378e-01
3.000000000000000000e+00 4.000000000000000000e+01 6.025287925908688891e-01
7.000000000000000000e+00 4.000000000000000000e+01 5.966853198696711047e-01
3.000000000000000000e+00 5.000000000000000000e+01 6.025496751392163119e-01
7.000000000000000000e+00 5.000000000000000000e+01 5.966907721659484576e-01
3.000000000000000000e+00 6.000000000000000000e+01 6.025508650574702418e-01
7.000000000000000000e+00 6.000000000000000000e+01 5.966910428741889483e-01
3.000000000000000000e+00 7.000000000000000000e+01 6.025508957924298192e-01
7.000000000000000000e+00 7.000000000000000000e+01 5.966910454464364744e-01
3.000000000000000000e+00 8.000000000000000000e+01 6.025508912326433819e-01
7.000000000000000000e+00 8.000000000000000000e+01 5.966910437699196601e-01
3.000000000000000000e+00 9.000000000000000000e+01 6.025508902033447356e-01
7.000000000000000000e+00 9.000000000000000000e+01 5.966910434716198308e-01
