3.000000000000000000e+00 1.000000000000000000e+01 1.018426583672507740e-01
7.000000000000000000e+00 1.000000000000000000e+01 3.169213391278610237e-01
3.000000000000000000e+00 2.000000000000000000e+01 4.751917154270898086e-02
7.000000000000000000e+00 2.000000000000000000e+01 3.611187106484524123e-01
3.000000000000000000e+00 3.000000000000000000e+01 5.981014873332467924e-02
7.000000000000000000e+00 3.000000000000000000e+01 1.097651057347800163e-01
3.000000000000000000e+00 4.000000000000000000e+01 6.774713879294891328e-02
7.000000000000000000e+00 4.000000000000000000e+01 1.251643578771723386e-01
3.000000000000000000e+00 5.000000000000000000e+01 5.748346363198877235e-02
7.000000000000000000e+00 5.000000000000000000e+01 1.184097463410479917e-01
3.000000000000000000e+00 6.000000000000000000e+01 6.205020084822104182e-02
7.000000000000000000e+00 6.000000000000000000e+01 1.168591376988445535e-01
3.000000000000000000e+00 7.000000000000000000e+01 6.362477367041764753e-02
7.000000000000000000e+00 7.000000000000000000e+01 1.165908021963480840e-01
3.000000000000000000e+00 8.000000000000000000e+01 6.291169258132787989e-02
7.000000000000000000e+00 8.000000000000000000e+01 1.169209952606296010e-01
3.000000000000000000e+00 9.000000000000000000e+01 6.285039227550648366e-02
7.000000000000000000e+00 9.000000000000000000e+01 1.169646101111586484e-01
