3.000000000000000000e+00 1.000000000000000000e+01 1.019707150003203583e-01
7.000000000000000000e+00 1.000000000000000000e+01 1.646859166991912482e-01
3.000000000000000000e+00 2.000000000000000000e+01 4.792191920175582764e-02
7.000000000000000000e+00 2.000000000000000000e+01 3.781110111060688728e-01
3.000000000000000000e+00 3.000000000000000000e+01 5.946124160028842115e-02
7.000000000000000000e+00 3.000000000000000000e+01 1.094860430150731839e-01
3.000000000000000000e+00 4.000000000000000000e+01 6.774454697794685121e-02
7.000000000000000000e+00 4.000000000000000000e+01 1.248317944122716155e-01
3.000000000000000000e+00 5.000000000000000000e+01 5.760148070848247759e-02
7.000000000000000000e+00 5.000000000000000000e+01 1.182909004924815460e-01
3.000000000000000000e+00 6.000000000000000000e+01 6.193760342476005432e-02
7.000000000000000000e+00 6.000000000000000000e+01 1.167431355329102000e-01
3.000000000000000000e+00 7.000000000000000000e+01 6.360984797418606229e-02
7.000000000000000000e+00 7.000000000000000000e+01 1.164121745319664086e-01
3.000000000000000000e+00 8.000000000000000000e+01 6.293665969899342461e-02
7.000000000000000000e+00 8.000000000000000000e+01 1.167440772785262038e-01
3.000000000000000000e+00 9.000000000000000000e+01 6.281830253762935024e-02
7.000000000000000000e+00 9.000000000000000000e+01 1.168044192107605544e-01
