3.000000000000000000e+00 1.000000000000000000e+01 5.639163528764004063e-01
7.000000000000000000e+00 1.000000000000000000e+01 5.837897629148341982e-01
3.000000000000000000e+00 2.000000000000000000e+01 5.988552845230238342e-01
7.000000000000000000e+00 2.000000000000000000e+01 5.955814174112576964e-01
3.000000000000000000e+00 3.000000000000000000e+01 6.023179981793539417e-01
7.000000000000000000e+00 3.000000000000000000e+01 5.966469317145273177e-01
3.000000000000000000e+00 4.000000000000000000e+01 6.026136734611990953e-01
7.000000000000000000e+00 4.000000000000000000e+01 5.967313308348287659e-01
3.000000000000000000e+00 5.000000000000000000e+01 6.026354082553354585e-01
7.000000000000000000e+00 5.000000000000000000e+01 5.967370380691767728e-01
3.000000000000000000e+00 6.000000000000000000e+01 6.026366667050228054e-01
7.000000000000000000e+00 6.000000000000000000e+01 5.967373269345739306e-01
3.000000000000000000e+00 7.000000000000000000e+01 6.026367009898754290e-01
7.000000000000000000e+00 7.000000000000000000e+01 5.967373302158093251e-01
3.000000000000000000e+00 8.000000000000000000e+01 6.026366963492152395e-01
7.000000000000000000e+00 8.000000000000000000e+01 5.967373284829140534e-01
3.000000000000000000e+00 9.000000000000000000e+01 6.026366952653403608e-01
7.000000000000000000e+00 9.000000000000000000e+01 5.967373281667827101e-01
