3.000000000000000000e+00 1.000000000000000000e+01 4.427192930038321705e-01
7.000000000000000000e+00 1.000000000000000000e+01 1.724716199589846066e-01
3.000000000000000000e+00 2.000000000000000000e+01 6.988915683050653249e-02
7.000000000000000000e+00 2.000000000000000000e+01 2.691031700763814039e-01
3.000000000000000000e+00 3.000000000000000000e+01 2.725268158009561681e-01
7.000000000000000000e+00 3.000000000000000000e+01 7.405682385234335641e-02
3.000000000000000000e+00 4.000000000000000000e+01 8.349052745092960803e-02
7.000000000000000000e+00 4.000000000000000000e+01 2.775813293817708804e-01
3.000000000000000000e+00 5.000000000000000000e+01 5.357756170428975562e-01
7.000000000000000000e+00 5.000000000000000000e+01 2.771687168255273503e-01
3.000000000000000000e+00 6.000000000000000000e+01 5.357731814116705182e-01
7.000000000000000000e+00 6.000000000000000000e+01 2.771536692418143932e-01
3.000000000000000000e+00 7.000000000000000000e+01 5.357724038465019323e-01
7.000000000000000000e+00 7.000000000000000000e+01 7.897719315664081252e-02
3.000000000000000000e+00 8.000000000000000000e+01 5.357722731578966613e-01
7.000000000000000000e+00 8.000000000000000000e+01 2.771784411899005929e-01
3.000000000000000000e+00 9.000000000000000000e+01 5.357722561596376387e-01
7.000000000000000000e+00 9.000000000000000000e+01 2.771796110816628356e-01
