3.000000000000000000e+00 1.000000000000000000e+01 5.630592234358638981e-02
7.000000000000000000e+00 1.000000000000000000e+01 3.383858370179383679e-02
3.000000000000000000e+00 2.000000000000000000e+01 2.119424819055693021e-02
7.000000000000000000e+00 2.000000000000000000e+01 3.090028580912279610e-02
3.000000000000000000e+00 3.000000000000000000e+01 4.090029010044655272e-02
7.000000000000000000e+00 3.000000000000000000e+01 4.456712411730170964e-02
3.000000000000000000e+00 4.000000000000000000e+01 3.095269874056379850e-02
7.000000000000000000e+00 4.000000000000000000e+01 3.554166128788777135e-02
3.000000000000000000e+00 5.000000000000000000e+01 3.405856413171504810e-02
7.000000000000000000e+00 5.000000000000000000e+01 3.842336885504447214e-02
3.000000000000000000e+00 6.000000000000000000e+01 3.357225966194372913e-02
7.000000000000000000e+00 6.000000000000000000e+01 3.866316808347208811e-02
3.000000000000000000e+00 7.000000000000000000e+01 3.210886826591673876e-02
7.000000000000000000e+00 7.000000000000000000e+01 3.748003874105981098e-02
3.000000000000000000e+00 8.000000000000000000e+01 3.331290584032537555e-02
7.000000000000000000e+00 8.000000000000000000e+01 3.843372485013251544e-02
3.000000000000000000e+00 9.000000000000000000e+01 3.257788848136241450e-02
7.000000000000000000e+00 9.000000000000000000e+01 3.796954259951055427e-02
