3.000000000000000000e+00 1.000000000000000000e+01 5.799258069581939568e-01
7.000000000000000000e+00 1.000000000000000000e+01 5.859434728863232023e-01
3.000000000000000000e+00 2.000000000000000000e+01 6.101441393315031325e-01
7.000000000000000000e+00 2.000000000000000000e+01 5.972590912052246903e-01
3.000000000000000000e+00 3.000000000000000000e+01 6.129564298554618373e-01
7.000000000000000000e+00 3.000000000000000000e+01 5.982375151447307804e-01
3.000000000000000000e+00 4.000000000000000000e+01 6.131844193077733429e-01
7.000000000000000000e+00 4.000000000000000000e+01 5.983118564983501697e-01
3.000000000000000000e+00 5.000000000000000000e+01 6.132006214108031150e-01
7.000000000000000000e+00 5.000000000000000000e+01 5.983167176956003530e-01
3.000000000000000000e+00 6.000000000000000000e+01 6.132015788300584358e-01
7.000000000000000000e+00 6.000000000000000000e+01 5.983169635746532489e-01
3.000000000000000000e+00 7.000000000000000000e+01 6.132016163710356516e-01
7.000000000000000000e+00 7.000000000000000000e+01 5.983169683287010709e-01
3.000000000000000000e+00 8.000000000000000000e+01 6.132016155949188141e-01
7.000000000000000000e+00 8.000000000000000000e+01 5.983169673605595040e-01
3.000000000000000000e+00 9.000000000000000000e+01 6.132016152108128448e-01
7.000000000000000000e+00 9.000000000000000000e+01 5.983169671750718788e-01
