2.000000000000000000e+00 1.000000000000000000e+01 5.841093918435666943e-01
6.000000000000000000e+00 1.000000000000000000e+01 5.923361084575576863e-01
2.000000000000000000e+00 2.000000000000000000e+01 6.158427465132156886e-01
6.000000000000000000e+00 2.000000000000000000e+01 6.043612776329224667e-01
2.000000000000000000e+00 3.000000000000000000e+01 6.186383008975586684e-01
6.000000000000000000e+00 3.000000000000000000e+01 6.053464481150746535e-01
2.000000000000000000e+00 4.000000000000000000e+01 6.188523695806037450e-01
6.000000000000000000e+00 4.000000000000000000e+01 6.054174983039053437e-01
2.000000000000000000e+00 5.000000000000000000e+01 6.188668269514800979e-01
6.000000000000000000e+00 5.000000000000000000e+01 6.054219717990398930e-01
2.000000000000000000e+00 6.000000000000000000e+01 6.188676595295339311e-01
6.000000000000000000e+00 6.000000000000000000e+01 6.054222017672444833e-01
2.000000000000000000e+00 7.000000000000000000e+01 6.188676952323384217e-01
6.000000000000000000e+00 7.000000000000000000e+01 6.054222088656228129e-01
2.000000000000000000e+00 8.000000000000000000e+01 6.188676955398737523e-01
6.000000000000000000e+00 8.000000000000000000e+01 6.054222085559566313e-01
2.000000000000000000e+00 9.000000000000000000e+01 6.188676953783348589e-01
6.000000000000000000e+00 9.000000000000000000e+01 6.054222084708841267e-01
