3.000000000000000000e+00 1.000000000000000000e+01 5.806302483543319681e-01
7.000000000000000000e+00 1.000000000000000000e+01 5.862689865429681069e-01
3.000000000000000000e+00 2.000000000000000000e+01 6.101248182104097584e-01
7.000000000000000000e+00 2.000000000000000000e+01 5.972064616619521260e-01
3.000000000000000000e+00 3.000000000000000000e+01 6.128055155011693511e-01
7.000000000000000000e+00 3.000000000000000000e+01 5.981293530083525711e-01
3.000000000000000000e+00 4.000000000000000000e+01 6.130173943674761539e-01
7.000000000000000000e+00 4.000000000000000000e+01 5.981976299898738025e-01
3.000000000000000000e+00 5.000000000000000000e+01 6.130320290263299166e-01
7.000000000000000000e+00 5.000000000000000000e+01 5.982019571979230177e-01
3.000000000000000000e+00 6.000000000000000000e+01 6.130328633153976359e-01
7.000000000000000000e+00 6.000000000000000000e+01 5.982021663163573644e-01
3.000000000000000000e+00 7.000000000000000000e+01 6.130328938097707736e-01
7.000000000000000000e+00 7.000000000000000000e+01 5.982021695567408814e-01
3.000000000000000000e+00 8.000000000000000000e+01 6.130328929239258207e-01
7.000000000000000000e+00 8.000000000000000000e+01 5.982021686576208808e-01
3.000000000000000000e+00 9.000000000000000000e+01 6.130328925839355625e-01
7.000000000000000000e+00 9.000000000000000000e+01 5.982021684977099074e-01
