3.000000000000000000e+00 1.000000000000000000e+01 4.827744326239272882e-02
7.000000000000000000e+00 1.000000000000000000e+01 3.650438373889602212e-02
3.000000000000000000e+00 2.000000000000000000e+01 2.034707764631409413e-02
7.000000000000000000e+00 2.000000000000000000e+01 3.460324777362659698e-02
3.000000000000000000e+00 3.000000000000000000e+01 4.040286616088892974e-02
7.000000000000000000e+00 3.000000000000000000e+01 4.706333340848705554e-02
3.000000000000000000e+00 4.000000000000000000e+01 2.734429799465778674e-02
7.000000000000000000e+00 4.000000000000000000e+01 3.906149709189876001e-02
3.000000000000000000e+00 5.000000000000000000e+01 3.297618264957390827e-02
7.000000000000000000e+00 5.000000000000000000e+01 4.296927444016690467e-02
3.000000000000000000e+00 6.000000000000000000e+01 3.080790205857012951e-02
7.000000000000000000e+00 6.000000000000000000e+01 4.006316805014743104e-02
3.000000000000000000e+00 7.000000000000000000e+01 3.175130042215222603e-02
7.000000000000000000e+00 7.000000000000000000e+01 4.153771891695400009e-02
3.000000000000000000e+00 8.000000000000000000e+01 3.125161183447444646e-02
7.000000000000000000e+00 8.000000000000000000e+01 4.284147641102758336e-02
3.000000000000000000e+00 9.000000000000000000e+01 3.035813857363855658e-02
7.000000000000000000e+00 9.000000000000000000e+01 4.212848125735831756e-02
