3.000000000000000000e+00 1.000000000000000000e+01 5.657921765390167002e-02
7.000000000000000000e+00 1.000000000000000000e+01 3.420305374204197363e-02
3.000000000000000000e+00 2.000000000000000000e+01 2.117687093034590490e-02
7.000000000000000000e+00 2.000000000000000000e+01 3.065972504592815590e-02
3.000000000000000000e+00 3.000000000000000000e+01 4.075298107990281415e-02
7.000000000000000000e+00 3.000000000000000000e+01 4.459980109186992281e-02
3.000000000000000000e+00 4.000000000000000000e+01 3.116004241926625257e-02
7.000000000000000000e+00 4.000000000000000000e+01 3.563144352347392962e-02
3.000000000000000000e+00 5.000000000000000000e+01 3.390395367100254576e-02
7.000000000000000000e+00 5.000000000000000000e+01 3.827425218162126136e-02
3.000000000000000000e+00 6.000000000000000000e+01 3.369855100429753475e-02
7.000000000000000000e+00 6.000000000000000000e+01 3.873440517127324512e-02
3.000000000000000000e+00 7.000000000000000000e+01 3.207332137329811650e-02
7.000000000000000000e+00 7.000000000000000000e+01 3.743085874033721949e-02
3.000000000000000000e+00 8.000000000000000000e+01 3.333751606366194831e-02
7.000000000000000000e+00 8.000000000000000000e+01 3.841082638534542432e-02
3.000000000000000000e+00 9.000000000000000000e+01 3.260428928251375702e-02
7.000000000000000000e+00 9.000000000000000000e+01 3.797033689596578110e-02
