3.000000000000000000e+00 1.000000000000000000e+01 5.807686441342017059e-01
7.000000000000000000e+00 1.000000000000000000e+01 5.863325062328165194e-01
3.000000000000000000e+00 2.000000000000000000e+01 6.101202470145047352e-01
7.000000000000000000e+00 2.000000000000000000e+01 5.971957602126400921e-01
3.000000000000000000e+00 3.000000000000000000e+01 6.127753393401300652e-01
7.000000000000000000e+00 3.000000000000000000e+01 5.981079150821787538e-01
3.000000000000000000e+00 4.000000000000000000e+01 6.129841311965890105e-01
7.000000000000000000e+00 4.000000000000000000e+01 5.981750381177586284e-01
3.000000000000000000e+00 5.000000000000000000e+01 6.129984705011610746e-01
7.000000000000000000e+00 5.000000000000000000e+01 5.981792655290473215e-01
3.000000000000000000e+00 6.000000000000000000e+01 6.129992820468960213e-01
7.000000000000000000e+00 6.000000000000000000e+01 5.981794679363545697e-01
3.000000000000000000e+00 7.000000000000000000e+01 6.129993112788926224e-01
7.000000000000000000e+00 7.000000000000000000e+01 5.981794709144445665e-01
3.000000000000000000e+00 8.000000000000000000e+01 6.129993103773850871e-01
7.000000000000000000e+00 8.000000000000000000e+01 5.981794700294617018e-01
3.000000000000000000e+00 9.000000000000000000e+01 6.129993100457445943e-01
7.000000000000000000e+00 9.000000000000000000e+01 5.981794698742690652e-01
