3.000000000000000000e+00 1.000000000000000000e+01 1.513135140698404213e-01
7.000000000000000000e+00 1.000000000000000000e+01 1.522309674892849685e-01
3.000000000000000000e+00 2.000000000000000000e+01 3.524169189389811940e-01
7.000000000000000000e+00 2.000000000000000000e+01 4.592122476684830090e-01
3.000000000000000000e+00 3.000000000000000000e+01 3.701222147981396149e-01
7.000000000000000000e+00 3.000000000000000000e+01 8.580715328371976702e-02
3.000000000000000000e+00 4.000000000000000000e+01 4.670902100177712901e-01
7.000000000000000000e+00 4.000000000000000000e+01 4.611244169135370052e-01
3.000000000000000000e+00 5.000000000000000000e+01 4.670046726384284308e-01
7.000000000000000000e+00 5.000000000000000000e+01 4.610838163872376660e-01
3.000000000000000000e+00 6.000000000000000000e+01 4.669784454041505106e-01
7.000000000000000000e+00 6.000000000000000000e+01 4.610740470189652052e-01
3.000000000000000000e+00 7.000000000000000000e+01 4.669736321107268440e-01
7.000000000000000000e+00 7.000000000000000000e+01 9.140349590245605560e-02
3.000000000000000000e+00 8.000000000000000000e+01 4.669729775481005762e-01
7.000000000000000000e+00 8.000000000000000000e+01 9.164369606829833592e-02
3.000000000000000000e+00 9.000000000000000000e+01 4.669729156192806707e-01
7.000000000000000000e+00 9.000000000000000000e+01 9.159311364020725210e-02
