3.000000000000000000e+00 1.000000000000000000e+01 4.847012235540942848e-02
7.000000000000000000e+00 1.000000000000000000e+01 3.672900932767801663e-02
3.000000000000000000e+00 2.000000000000000000e+01 2.030912210000620360e-02
7.000000000000000000e+00 2.000000000000000000e+01 3.439577814447505877e-02
3.000000000000000000e+00 3.000000000000000000e+01 4.034591382294041434e-02
7.000000000000000000e+00 3.000000000000000000e+01 4.711909022603161940e-02
3.000000000000000000e+00 4.000000000000000000e+01 2.744437761875366880e-02
7.000000000000000000e+00 4.000000000000000000e+01 3.624499947750143419e-02
3.000000000000000000e+00 5.000000000000000000e+01 3.284969770410024054e-02
7.000000000000000000e+00 5.000000000000000000e+01 4.282799254687900264e-02
3.000000000000000000e+00 6.000000000000000000e+01 3.090652902515636513e-02
7.000000000000000000e+00 6.000000000000000000e+01 4.010684346009849022e-02
3.000000000000000000e+00 7.000000000000000000e+01 3.170325937962062413e-02
7.000000000000000000e+00 7.000000000000000000e+01 4.146816648647457665e-02
3.000000000000000000e+00 8.000000000000000000e+01 3.128856214111380013e-02
7.000000000000000000e+00 8.000000000000000000e+01 4.280349470713892129e-02
3.000000000000000000e+00 9.000000000000000000e+01 3.034858022162341060e-02
7.000000000000000000e+00 9.000000000000000000e+01 4.210729015939195657e-02
