3.000000000000000000e+00 1.000000000000000000e+01 4.875687349137107496e-02
7.000000000000000000e+00 1.000000000000000000e+01 3.706922902387554952e-02
3.000000000000000000e+00 2.000000000000000000e+01 2.026196799622936515e-02
7.000000000000000000e+00 2.000000000000000000e+01 3.409173124944259170e-02
3.000000000000000000e+00 3.000000000000000000e+01 4.024854301401562667e-02
7.000000000000000000e+00 3.000000000000000000e+01 4.719340722436411728e-02
3.000000000000000000e+00 4.000000000000000000e+01 2.760628323368934794e-02
7.000000000000000000e+00 4.000000000000000000e+01 3.625095862031689486e-02
3.000000000000000000e+00 5.000000000000000000e+01 3.265516379468794833e-02
7.000000000000000000e+00 5.000000000000000000e+01 4.261063967903834515e-02
3.000000000000000000e+00 6.000000000000000000e+01 3.105737054315559076e-02
7.000000000000000000e+00 6.000000000000000000e+01 4.017515786046432086e-02
3.000000000000000000e+00 7.000000000000000000e+01 3.163563773497222315e-02
7.000000000000000000e+00 7.000000000000000000e+01 4.136842445005442515e-02
3.000000000000000000e+00 8.000000000000000000e+01 3.134046557177518760e-02
7.000000000000000000e+00 8.000000000000000000e+01 4.274203245497849163e-02
3.000000000000000000e+00 9.000000000000000000e+01 3.033860420678406028e-02
7.000000000000000000e+00 9.000000000000000000e+01 4.207873273289552268e-02
