3.000000000000000000e+00 1.000000000000000000e+01 1.179548633656700707e-01
7.000000000000000000e+00 1.000000000000000000e+01 2.436046322216771920e-01
3.000000000000000000e+00 2.000000000000000000e+01 4.744727145309594885e-02
7.000000000000000000e+00 2.000000000000000000e+01 4.197781932105014158e-01
3.000000000000000000e+00 3.000000000000000000e+01 5.944792122539791640e-02
7.000000000000000000e+00 3.000000000000000000e+01 4.207087037409970032e-01
3.000000000000000000e+00 4.000000000000000000e+01 7.027140956706466601e-02
7.000000000000000000e+00 4.000000000000000000e+01 4.203610471023150885e-01
3.000000000000000000e+00 5.000000000000000000e+01 6.147737316467515034e-02
7.000000000000000000e+00 5.000000000000000000e+01 4.202380313228290531e-01
3.000000000000000000e+00 6.000000000000000000e+01 6.549223793421517226e-02
7.000000000000000000e+00 6.000000000000000000e+01 4.202133494235992250e-01
3.000000000000000000e+00 7.000000000000000000e+01 6.684235391832805961e-02
7.000000000000000000e+00 7.000000000000000000e+01 4.202098811117301880e-01
3.000000000000000000e+00 8.000000000000000000e+01 6.650721743994408852e-02
7.000000000000000000e+00 8.000000000000000000e+01 4.202095997375887571e-01
3.000000000000000000e+00 9.000000000000000000e+01 6.632560813208460138e-02
7.000000000000000000e+00 9.000000000000000000e+01 4.202096177313764391e-01
