3.000000000000000000e+00 1.000000000000000000e+01 5.912553953709559496e-01
7.000000000000000000e+00 1.000000000000000000e+01 5.989405040523321233e-01
3.000000000000000000e+00 2.000000000000000000e+01 6.166443083827104488e-01
7.000000000000000000e+00 2.000000000000000000e+01 6.086377348794519415e-01
3.000000000000000000e+00 3.000000000000000000e+01 6.188312438758843959e-01
7.000000000000000000e+00 3.000000000000000000e+01 6.094175580034737472e-01
3.000000000000000000e+00 4.000000000000000000e+01 6.189956168251677937e-01
7.000000000000000000e+00 4.000000000000000000e+01 6.094728007407936854e-01
3.000000000000000000e+00 5.000000000000000000e+01 6.190064871878121489e-01
7.000000000000000000e+00 5.000000000000000000e+01 6.094762006329283999e-01
3.000000000000000000e+00 6.000000000000000000e+01 6.190070940574328162e-01
7.000000000000000000e+00 6.000000000000000000e+01 6.094763685326490821e-01
3.000000000000000000e+00 7.000000000000000000e+01 6.190071182508976033e-01
7.000000000000000000e+00 7.000000000000000000e+01 6.094763729804241192e-01
3.000000000000000000e+00 8.000000000000000000e+01 6.190071182224617941e-01
7.000000000000000000e+00 8.000000000000000000e+01 6.094763726528271697e-01
3.000000000000000000e+00 9.000000000000000000e+01 6.190071180799611161e-01
7.000000000000000000e+00 9.000000000000000000e+01 6.094763725807325061e-01
