3.000000000000000000e+00 1.000000000000000000e+01 4.126499354413838000e-02
7.000000000000000000e+00 1.000000000000000000e+01 4.047811744941431228e-02
3.000000000000000000e+00 2.000000000000000000e+01 2.002282027470896064e-02
7.000000000000000000e+00 2.000000000000000000e+01 3.888068184718377479e-02
3.000000000000000000e+00 3.000000000000000000e+01 3.981328115582145888e-02
7.000000000000000000e+00 3.000000000000000000e+01 4.968371556905764458e-02
3.000000000000000000e+00 4.000000000000000000e+01 2.470299206879660037e-02
7.000000000000000000e+00 4.000000000000000000e+01 4.044847625050846524e-02
3.000000000000000000e+00 5.000000000000000000e+01 3.252196482066867927e-02
7.000000000000000000e+00 5.000000000000000000e+01 4.660821874616882105e-02
3.000000000000000000e+00 6.000000000000000000e+01 2.844786162633382298e-02
7.000000000000000000e+00 6.000000000000000000e+01 4.497357367714015924e-02
3.000000000000000000e+00 7.000000000000000000e+01 3.039832055803516966e-02
7.000000000000000000e+00 7.000000000000000000e+01 4.418682104072817196e-02
3.000000000000000000e+00 8.000000000000000000e+01 2.950243044667325704e-02
7.000000000000000000e+00 8.000000000000000000e+01 4.557047255926316431e-02
3.000000000000000000e+00 9.000000000000000000e+01 3.041617486750009675e-02
7.000000000000000000e+00 9.000000000000000000e+01 4.446634258838961379e-02
