3.000000000000000000e+00 1.000000000000000000e+01 5.639740860046749127e-02
7.000000000000000000e+00 1.000000000000000000e+01 3.395963677760582833e-02
3.000000000000000000e+00 2.000000000000000000e+01 2.118719347032980982e-02
7.000000000000000000e+00 2.000000000000000000e+01 3.081918098117304369e-02
3.000000000000000000e+00 3.000000000000000000e+01 4.085259984073717071e-02
7.000000000000000000e+00 3.000000000000000000e+01 4.457927451051688084e-02
3.000000000000000000e+00 4.000000000000000000e+01 3.102065875999498665e-02
7.000000000000000000e+00 4.000000000000000000e+01 3.557030417434119129e-02
3.000000000000000000e+00 5.000000000000000000e+01 3.400712273959169418e-02
7.000000000000000000e+00 5.000000000000000000e+01 3.837421788669712758e-02
3.000000000000000000e+00 6.000000000000000000e+01 3.361449996846038735e-02
7.000000000000000000e+00 6.000000000000000000e+01 3.868695975427631495e-02
3.000000000000000000e+00 7.000000000000000000e+01 3.209649672164516937e-02
7.000000000000000000e+00 7.000000000000000000e+01 3.746315048327129166e-02
3.000000000000000000e+00 8.000000000000000000e+01 3.332167012745132495e-02
7.000000000000000000e+00 8.000000000000000000e+01 3.842650754540530289e-02
3.000000000000000000e+00 9.000000000000000000e+01 3.258623031125197633e-02
7.000000000000000000e+00 9.000000000000000000e+01 3.796949696003996955e-02
