2.000000000000000000e+00 1.000000000000000000e+01 5.832811230630455812e-01
6.000000000000000000e+00 1.000000000000000000e+01 5.916164419131521024e-01
2.000000000000000000e+00 2.000000000000000000e+01 6.148837975965201208e-01
6.000000000000000000e+00 2.000000000000000000e+01 6.035929476947161643e-01
2.000000000000000000e+00 3.000000000000000000e+01 6.176651617773987191e-01
6.000000000000000000e+00 3.000000000000000000e+01 6.045733213612549672e-01
2.000000000000000000e+00 4.000000000000000000e+01 6.178779552615579762e-01
6.000000000000000000e+00 4.000000000000000000e+01 6.046439741040320337e-01
2.000000000000000000e+00 5.000000000000000000e+01 6.178923161162007682e-01
6.000000000000000000e+00 5.000000000000000000e+01 6.046484207524093213e-01
2.000000000000000000e+00 6.000000000000000000e+01 6.178931429661450592e-01
6.000000000000000000e+00 6.000000000000000000e+01 6.046486494857888916e-01
2.000000000000000000e+00 7.000000000000000000e+01 6.178931784875431044e-01
6.000000000000000000e+00 7.000000000000000000e+01 6.046486565937878588e-01
2.000000000000000000e+00 8.000000000000000000e+01 6.178931788096136968e-01
6.000000000000000000e+00 8.000000000000000000e+01 6.046486562953006239e-01
2.000000000000000000e+00 9.000000000000000000e+01 6.178931786517946056e-01
6.000000000000000000e+00 9.000000000000000000e+01 6.046486562119732788e-01
