3.000000000000000000e+00 1.000000000000000000e+01 4.856601185251695901e-02
7.000000000000000000e+00 1.000000000000000000e+01 3.684198337175481619e-02
3.000000000000000000e+00 2.000000000000000000e+01 2.029209316609747321e-02
7.000000000000000000e+00 2.000000000000000000e+01 3.429346009350532631e-02
3.000000000000000000e+00 3.000000000000000000e+01 4.031505163017307797e-02
7.000000000000000000e+00 3.000000000000000000e+01 4.714512239072941174e-02
3.000000000000000000e+00 4.000000000000000000e+01 2.749678176885926237e-02
7.000000000000000000e+00 4.000000000000000000e+01 3.624540694870515695e-02
3.000000000000000000e+00 5.000000000000000000e+01 3.278546579731958510e-02
7.000000000000000000e+00 5.000000000000000000e+01 4.275624482568873147e-02
3.000000000000000000e+00 6.000000000000000000e+01 3.095645497237168794e-02
7.000000000000000000e+00 6.000000000000000000e+01 4.012926736223795116e-02
3.000000000000000000e+00 7.000000000000000000e+01 3.168009619820671974e-02
7.000000000000000000e+00 7.000000000000000000e+01 4.143428540008058103e-02
3.000000000000000000e+00 8.000000000000000000e+01 3.130636059514500802e-02
7.000000000000000000e+00 8.000000000000000000e+01 4.278361303605847377e-02
3.000000000000000000e+00 9.000000000000000000e+01 3.034465664023279843e-02
7.000000000000000000e+00 9.000000000000000000e+01 4.209734638470181978e-02
