3.000000000000000000e+00 1.000000000000000000e+01 4.419417079437176210e-01
7.000000000000000000e+00 1.000000000000000000e+01 1.627135433404642839e-01
3.000000000000000000e+00 2.000000000000000000e+01 7.034893201358337345e-02
7.000000000000000000e+00 2.000000000000000000e+01 2.693521579414360767e-01
3.000000000000000000e+00 3.000000000000000000e+01 2.727776319048081932e-01
7.000000000000000000e+00 3.000000000000000000e+01 7.397057920716725021e-02
3.000000000000000000e+00 4.000000000000000000e+01 8.340039382489457254e-02
7.000000000000000000e+00 4.000000000000000000e+01 2.777610266688803620e-01
3.000000000000000000e+00 5.000000000000000000e+01 5.359108536615736496e-01
7.000000000000000000e+00 5.000000000000000000e+01 2.773282153626505653e-01
3.000000000000000000e+00 6.000000000000000000e+01 5.359084149713719825e-01
7.000000000000000000e+00 6.000000000000000000e+01 2.773094252902545964e-01
3.000000000000000000e+00 7.000000000000000000e+01 5.359075988197798956e-01
7.000000000000000000e+00 7.000000000000000000e+01 2.773276857723213640e-01
3.000000000000000000e+00 8.000000000000000000e+01 5.359074587233932929e-01
7.000000000000000000e+00 8.000000000000000000e+01 2.773347429914310158e-01
3.000000000000000000e+00 9.000000000000000000e+01 5.359074401559941192e-01
7.000000000000000000e+00 9.000000000000000000e+01 2.773360292166667240e-01
