3.000000000000000000e+00 1.000000000000000000e+01 4.837393167424833967e-02
7.000000000000000000e+00 1.000000000000000000e+01 3.661647446481152562e-02
3.000000000000000000e+00 2.000000000000000000e+01 2.032745263049560644e-02
7.000000000000000000e+00 2.000000000000000000e+01 3.449904563417960368e-02
3.000000000000000000e+00 3.000000000000000000e+01 4.037518442077241837e-02
7.000000000000000000e+00 3.000000000000000000e+01 4.709182137675593793e-02
3.000000000000000000e+00 4.000000000000000000e+01 2.739354752087482317e-02
7.000000000000000000e+00 4.000000000000000000e+01 3.624616414321812224e-02
3.000000000000000000e+00 5.000000000000000000e+01 3.291327916861341851e-02
7.000000000000000000e+00 5.000000000000000000e+01 4.289900914134586740e-02
3.000000000000000000e+00 6.000000000000000000e+01 3.085700083338198396e-02
7.000000000000000000e+00 6.000000000000000000e+01 4.008480188777338582e-02
3.000000000000000000e+00 7.000000000000000000e+01 3.172700439897956776e-02
7.000000000000000000e+00 7.000000000000000000e+01 4.150265181038299833e-02
3.000000000000000000e+00 8.000000000000000000e+01 3.127030323473643791e-02
7.000000000000000000e+00 8.000000000000000000e+01 4.282277991197474404e-02
3.000000000000000000e+00 9.000000000000000000e+01 3.035307999030609563e-02
7.000000000000000000e+00 9.000000000000000000e+01 4.211766670235480431e-02
