3.000000000000000000e+00 1.000000000000000000e+01 5.646895181749065351e-01
7.000000000000000000e+00 1.000000000000000000e+01 5.841292937892896830e-01
3.000000000000000000e+00 2.000000000000000000e+01 5.988210336874071338e-01
7.000000000000000000e+00 2.000000000000000000e+01 5.955331301911276354e-01
3.000000000000000000e+00 3.000000000000000000e+01 6.021266651419961979e-01
7.000000000000000000e+00 3.000000000000000000e+01 5.965394094309548478e-01
3.000000000000000000e+00 4.000000000000000000e+01 6.024019928190832429e-01
7.000000000000000000e+00 4.000000000000000000e+01 5.966170663214711567e-01
3.000000000000000000e+00 5.000000000000000000e+01 6.024216569621013706e-01
7.000000000000000000e+00 5.000000000000000000e+01 5.966221565801433924e-01
3.000000000000000000e+00 6.000000000000000000e+01 6.024227505740021860e-01
7.000000000000000000e+00 6.000000000000000000e+01 5.966224019990068461e-01
3.000000000000000000e+00 7.000000000000000000e+01 6.024227764815706099e-01
7.000000000000000000e+00 7.000000000000000000e+01 5.966224036319537349e-01
3.000000000000000000e+00 8.000000000000000000e+01 6.024227720552409737e-01
7.000000000000000000e+00 8.000000000000000000e+01 5.966224020396305727e-01
3.000000000000000000e+00 9.000000000000000000e+01 6.024227711033688371e-01
7.000000000000000000e+00 9.000000000000000000e+01 5.966224017663737111e-01
