3.000000000000000000e+00 1.000000000000000000e+01 5.640727758125642088e-01
7.000000000000000000e+00 1.000000000000000000e+01 5.838587250970758147e-01
3.000000000000000000e+00 2.000000000000000000e+01 5.988489635410582101e-01
7.000000000000000000e+00 2.000000000000000000e+01 5.955718619671555025e-01
3.000000000000000000e+00 3.000000000000000000e+01 6.022797052270771889e-01
7.000000000000000000e+00 3.000000000000000000e+01 5.966252673575146437e-01
3.000000000000000000e+00 4.000000000000000000e+01 6.025711982774479836e-01
7.000000000000000000e+00 4.000000000000000000e+01 5.967082742433136300e-01
3.000000000000000000e+00 5.000000000000000000e+01 6.025925028516199156e-01
7.000000000000000000e+00 5.000000000000000000e+01 5.967138526120951969e-01
3.000000000000000000e+00 6.000000000000000000e+01 6.025937265884284688e-01
7.000000000000000000e+00 6.000000000000000000e+01 5.967141322642715018e-01
3.000000000000000000e+00 7.000000000000000000e+01 6.025937590636443186e-01
7.000000000000000000e+00 7.000000000000000000e+01 5.967141351822895512e-01
3.000000000000000000e+00 8.000000000000000000e+01 6.025937544625191711e-01
7.000000000000000000e+00 8.000000000000000000e+01 5.967141334775908357e-01
3.000000000000000000e+00 9.000000000000000000e+01 6.025937534062341117e-01
7.000000000000000000e+00 9.000000000000000000e+01 5.967141331704918228e-01
