3.000000000000000000e+00 1.000000000000000000e+01 4.798622620480296613e-02
7.000000000000000000e+00 1.000000000000000000e+01 3.617082546607194166e-02
3.000000000000000000e+00 2.000000000000000000e+01 2.041364690838932613e-02
7.000000000000000000e+00 2.000000000000000000e+01 3.492131360708030513e-02
3.000000000000000000e+00 3.000000000000000000e+01 4.047641005336073683e-02
7.000000000000000000e+00 3.000000000000000000e+01 4.697073278779295702e-02
3.000000000000000000e+00 4.000000000000000000e+01 2.720608932228879562e-02
7.000000000000000000e+00 4.000000000000000000e+01 3.901551736644338214e-02
3.000000000000000000e+00 5.000000000000000000e+01 3.316055890237028236e-02
7.000000000000000000e+00 5.000000000000000000e+01 4.317536997661966525e-02
3.000000000000000000e+00 6.000000000000000000e+01 3.066348960436473745e-02
7.000000000000000000e+00 6.000000000000000000e+01 4.000095866098980768e-02
3.000000000000000000e+00 7.000000000000000000e+01 3.182718408667412763e-02
7.000000000000000000e+00 7.000000000000000000e+01 4.164618303560762430e-02
3.000000000000000000e+00 8.000000000000000000e+01 3.119322510698908230e-02
7.000000000000000000e+00 8.000000000000000000e+01 4.289412043239086009e-02
3.000000000000000000e+00 9.000000000000000000e+01 3.037648441799834995e-02
7.000000000000000000e+00 9.000000000000000000e+01 4.216359520760916413e-02
