3.000000000000000000e+00 1.000000000000000000e+01 4.136191187540853159e-02
7.000000000000000000e+00 1.000000000000000000e+01 4.058182652431199799e-02
3.000000000000000000e+00 2.000000000000000000e+01 1.999520182666411974e-02
7.000000000000000000e+00 2.000000000000000000e+01 3.875824461171465535e-02
3.000000000000000000e+00 3.000000000000000000e+01 3.980563416472939625e-02
7.000000000000000000e+00 3.000000000000000000e+01 4.972583802120775914e-02
3.000000000000000000e+00 4.000000000000000000e+01 2.472802885677801571e-02
7.000000000000000000e+00 4.000000000000000000e+01 4.043733816378169976e-02
3.000000000000000000e+00 5.000000000000000000e+01 3.245718246534964879e-02
7.000000000000000000e+00 5.000000000000000000e+01 4.652798595160514972e-02
3.000000000000000000e+00 6.000000000000000000e+01 2.849441314665619382e-02
7.000000000000000000e+00 6.000000000000000000e+01 4.499276504770356039e-02
3.000000000000000000e+00 7.000000000000000000e+01 3.035510652644640359e-02
7.000000000000000000e+00 7.000000000000000000e+01 4.412471979250753157e-02
3.000000000000000000e+00 8.000000000000000000e+01 2.952910675799895121e-02
7.000000000000000000e+00 8.000000000000000000e+01 4.555117320256894808e-02
3.000000000000000000e+00 9.000000000000000000e+01 3.040460699268365818e-02
7.000000000000000000e+00 9.000000000000000000e+01 4.443835585782872355e-02
