3.000000000000000000e+00 1.000000000000000000e+01 4.097300151249585326e-02
7.000000000000000000e+00 1.000000000000000000e+01 4.016957895213262020e-02
3.000000000000000000e+00 2.000000000000000000e+01 2.011361239775876289e-02
7.000000000000000000e+00 2.000000000000000000e+01 3.925385663826935073e-02
3.000000000000000000e+00 3.000000000000000000e+01 3.788923320376730297e-02
7.000000000000000000e+00 3.000000000000000000e+01 4.955078378179535170e-02
3.000000000000000000e+00 4.000000000000000000e+01 2.463910705266562223e-02
7.000000000000000000e+00 4.000000000000000000e+01 4.049238054193494973e-02
3.000000000000000000e+00 5.000000000000000000e+01 3.270875107049183578e-02
7.000000000000000000e+00 5.000000000000000000e+01 4.684122447460553618e-02
3.000000000000000000e+00 6.000000000000000000e+01 2.831465979783012038e-02
7.000000000000000000e+00 6.000000000000000000e+01 4.491886834260127442e-02
3.000000000000000000e+00 7.000000000000000000e+01 3.052849266817961316e-02
7.000000000000000000e+00 7.000000000000000000e+01 4.437490232372531818e-02
3.000000000000000000e+00 8.000000000000000000e+01 3.149877616786600498e-02
7.000000000000000000e+00 8.000000000000000000e+01 4.562454300493986453e-02
3.000000000000000000e+00 9.000000000000000000e+01 3.045499374638027321e-02
7.000000000000000000e+00 9.000000000000000000e+01 4.455432816387065037e-02
