3.000000000000000000e+00 1.000000000000000000e+01 1.019396142276653289e-01
7.000000000000000000e+00 1.000000000000000000e+01 1.646565666640414649e-01
3.000000000000000000e+00 2.000000000000000000e+01 4.781948984574312111e-02
7.000000000000000000e+00 2.000000000000000000e+01 3.611197878441749221e-01
3.000000000000000000e+00 3.000000000000000000e+01 5.954766554315876759e-02
7.000000000000000000e+00 3.000000000000000000e+01 1.095548234123607106e-01
3.000000000000000000e+00 4.000000000000000000e+01 6.774677340722225216e-02
7.000000000000000000e+00 4.000000000000000000e+01 1.249153501239094605e-01
3.000000000000000000e+00 5.000000000000000000e+01 5.757065012886281030e-02
7.000000000000000000e+00 5.000000000000000000e+01 1.183209177327774059e-01
3.000000000000000000e+00 6.000000000000000000e+01 6.196546309855219953e-02
7.000000000000000000e+00 6.000000000000000000e+01 1.167717256957153810e-01
3.000000000000000000e+00 7.000000000000000000e+01 6.361419899568832026e-02
7.000000000000000000e+00 7.000000000000000000e+01 1.164566122436133389e-01
3.000000000000000000e+00 8.000000000000000000e+01 6.293005245524149749e-02
7.000000000000000000e+00 8.000000000000000000e+01 1.167883439454510119e-01
3.000000000000000000e+00 9.000000000000000000e+01 6.282618936800427045e-02
7.000000000000000000e+00 9.000000000000000000e+01 1.168444249572749838e-01
