3.000000000000000000e+00 1.000000000000000000e+01 4.422020947380035927e-01
7.000000000000000000e+00 1.000000000000000000e+01 1.626550273916080869e-01
3.000000000000000000e+00 2.000000000000000000e+01 7.019490421657462176e-02
7.000000000000000000e+00 2.000000000000000000e+01 2.692691791585490879e-01
3.000000000000000000e+00 3.000000000000000000e+01 2.726938250768095595e-01
7.000000000000000000e+00 3.000000000000000000e+01 7.399895758557668846e-02
3.000000000000000000e+00 4.000000000000000000e+01 8.343099239582489612e-02
7.000000000000000000e+00 4.000000000000000000e+01 2.777009111120495310e-01
3.000000000000000000e+00 5.000000000000000000e+01 5.358657272395570548e-01
7.000000000000000000e+00 5.000000000000000000e+01 2.772749077783984162e-01
3.000000000000000000e+00 6.000000000000000000e+01 5.358632886909269200e-01
7.000000000000000000e+00 6.000000000000000000e+01 2.772573943204855729e-01
3.000000000000000000e+00 7.000000000000000000e+01 5.358624855571116896e-01
7.000000000000000000e+00 7.000000000000000000e+01 2.772755954505520259e-01
3.000000000000000000e+00 8.000000000000000000e+01 5.358623486638878219e-01
7.000000000000000000e+00 8.000000000000000000e+01 2.772825332438882406e-01
3.000000000000000000e+00 9.000000000000000000e+01 5.358623306342457093e-01
7.000000000000000000e+00 9.000000000000000000e+01 2.772837798055586278e-01
