3.000000000000000000e+00 1.000000000000000000e+01 1.510099917720051366e-01
7.000000000000000000e+00 1.000000000000000000e+01 2.049622714626338216e-01
3.000000000000000000e+00 2.000000000000000000e+01 3.524209110321320226e-01
7.000000000000000000e+00 2.000000000000000000e+01 4.592595790578828940e-01
3.000000000000000000e+00 3.000000000000000000e+01 3.704717899631546629e-01
7.000000000000000000e+00 3.000000000000000000e+01 4.613672321563743184e-01
3.000000000000000000e+00 4.000000000000000000e+01 4.673891337515146405e-01
7.000000000000000000e+00 4.000000000000000000e+01 4.613713799367709645e-01
3.000000000000000000e+00 5.000000000000000000e+01 4.673017138578731133e-01
7.000000000000000000e+00 5.000000000000000000e+01 4.613286609834177932e-01
3.000000000000000000e+00 6.000000000000000000e+01 4.672730764348762555e-01
7.000000000000000000e+00 6.000000000000000000e+01 4.613178094272326613e-01
3.000000000000000000e+00 7.000000000000000000e+01 4.672675868400367194e-01
7.000000000000000000e+00 7.000000000000000000e+01 4.613159596038252652e-01
3.000000000000000000e+00 8.000000000000000000e+01 4.672668043864439680e-01
7.000000000000000000e+00 8.000000000000000000e+01 4.613157182088435393e-01
3.000000000000000000e+00 9.000000000000000000e+01 4.672667248377033733e-01
7.000000000000000000e+00 9.000000000000000000e+01 4.613156956918023632e-01
