3.000000000000000000e+00 1.000000000000000000e+01 4.866159671424106353e-02
7.000000000000000000e+00 1.000000000000000000e+01 3.695539160992667577e-02
3.000000000000000000e+00 2.000000000000000000e+01 2.027637283287156075e-02
7.000000000000000000e+00 2.000000000000000000e+01 3.419210622781596043e-02
3.000000000000000000e+00 3.000000000000000000e+01 4.028259540534634420e-02
7.000000000000000000e+00 3.000000000000000000e+01 4.716990046833573896e-02
3.000000000000000000e+00 4.000000000000000000e+01 2.755075286905335832e-02
7.000000000000000000e+00 4.000000000000000000e+01 3.624739176970111221e-02
3.000000000000000000e+00 5.000000000000000000e+01 3.272061158588999291e-02
7.000000000000000000e+00 5.000000000000000000e+01 4.268378674768107117e-02
3.000000000000000000e+00 6.000000000000000000e+01 3.100674642113420559e-02
7.000000000000000000e+00 6.000000000000000000e+01 4.015204765144921722e-02
3.000000000000000000e+00 7.000000000000000000e+01 3.165754550514449789e-02
7.000000000000000000e+00 7.000000000000000000e+01 4.140103074905535085e-02
3.000000000000000000e+00 8.000000000000000000e+01 3.132367088248889930e-02
7.000000000000000000e+00 8.000000000000000000e+01 4.276312777495784589e-02
3.000000000000000000e+00 9.000000000000000000e+01 3.034132596155338438e-02
7.000000000000000000e+00 9.000000000000000000e+01 4.208782944845437107e-02
