3.000000000000000000e+00 1.000000000000000000e+01 5.797823971458988535e-01
7.000000000000000000e+00 1.000000000000000000e+01 5.858767600270883280e-01
3.000000000000000000e+00 2.000000000000000000e+01 6.101472775961961359e-01
7.000000000000000000e+00 2.000000000000000000e+01 5.972694318394227153e-01
3.000000000000000000e+00 3.000000000000000000e+01 6.129866147057111414e-01
7.000000000000000000e+00 3.000000000000000000e+01 5.982593416844403933e-01
3.000000000000000000e+00 4.000000000000000000e+01 6.132179657681968710e-01
7.000000000000000000e+00 4.000000000000000000e+01 5.983349570779092907e-01
3.000000000000000000e+00 5.000000000000000000e+01 6.132345003221779667e-01
7.000000000000000000e+00 5.000000000000000000e+01 5.983399324373447348e-01
3.000000000000000000e+00 6.000000000000000000e+01 6.132354843644990394e-01
7.000000000000000000e+00 6.000000000000000000e+01 5.983401863536326193e-01
3.000000000000000000e+00 7.000000000000000000e+01 6.132355234736444061e-01
7.000000000000000000e+00 7.000000000000000000e+01 5.983401914547509248e-01
3.000000000000000000e+00 8.000000000000000000e+01 6.132355227265824382e-01
7.000000000000000000e+00 8.000000000000000000e+01 5.983401904733111065e-01
3.000000000000000000e+00 9.000000000000000000e+01 6.132355223331821259e-01
7.000000000000000000e+00 9.000000000000000000e+01 5.983401902822919061e-01
