3.000000000000000000e+00 1.000000000000000000e+01 1.511447534458113529e-01
7.000000000000000000e+00 1.000000000000000000e+01 1.524773670185983476e-01
3.000000000000000000e+00 2.000000000000000000e+01 3.524223534227157173e-01
7.000000000000000000e+00 2.000000000000000000e+01 4.592406354020008297e-01
3.000000000000000000e+00 3.000000000000000000e+01 3.703219210852767285e-01
7.000000000000000000e+00 3.000000000000000000e+01 4.612671061825150964e-01
3.000000000000000000e+00 4.000000000000000000e+01 4.672607355252527128e-01
7.000000000000000000e+00 4.000000000000000000e+01 4.612648744243927901e-01
3.000000000000000000e+00 5.000000000000000000e+01 4.671740640062053140e-01
7.000000000000000000e+00 5.000000000000000000e+01 4.612230565463154019e-01
3.000000000000000000e+00 6.000000000000000000e+01 4.671464786831220350e-01
7.000000000000000000e+00 6.000000000000000000e+01 4.612126803275375941e-01
3.000000000000000000e+00 7.000000000000000000e+01 4.671412887202470166e-01
7.000000000000000000e+00 7.000000000000000000e+01 4.612109439163322722e-01
3.000000000000000000e+00 8.000000000000000000e+01 4.671405636478516699e-01
7.000000000000000000e+00 8.000000000000000000e+01 4.612107219600520280e-01
3.000000000000000000e+00 9.000000000000000000e+01 4.671404921268653698e-01
7.000000000000000000e+00 9.000000000000000000e+01 4.612107019183568357e-01
