3.000000000000000000e+00 1.000000000000000000e+01 5.645366664686444214e-01
7.000000000000000000e+00 1.000000000000000000e+01 5.840624360763730927e-01
3.000000000000000000e+00 2.000000000000000000e+01 5.988284070103164769e-01
7.000000000000000000e+00 2.000000000000000000e+01 5.955428869848832241e-01
3.000000000000000000e+00 3.000000000000000000e+01 6.021649038677677757e-01
7.000000000000000000e+00 3.000000000000000000e+01 5.965607540574376921e-01
3.000000000000000000e+00 4.000000000000000000e+01 6.024441898341613699e-01
7.000000000000000000e+00 4.000000000000000000e+01 5.966397162818010136e-01
3.000000000000000000e+00 5.000000000000000000e+01 6.024642523135499417e-01
7.000000000000000000e+00 5.000000000000000000e+01 5.966449245796976442e-01
3.000000000000000000e+00 6.000000000000000000e+01 6.024653771905011945e-01
7.000000000000000000e+00 6.000000000000000000e+01 5.966451781784170016e-01
3.000000000000000000e+00 7.000000000000000000e+01 6.024654046438576716e-01
7.000000000000000000e+00 7.000000000000000000e+01 5.966451801087709894e-01
3.000000000000000000e+00 8.000000000000000000e+01 6.024654001716001073e-01
7.000000000000000000e+00 8.000000000000000000e+01 5.966451784884669873e-01
3.000000000000000000e+00 9.000000000000000000e+01 6.024653991944984854e-01
7.000000000000000000e+00 9.000000000000000000e+01 5.966451782070831822e-01
