3.000000000000000000e+00 1.000000000000000000e+01 5.804910272423946527e-01
7.000000000000000000e+00 1.000000000000000000e+01 5.862049442894267104e-01
3.000000000000000000e+00 2.000000000000000000e+01 6.101291573229716825e-01
7.000000000000000000e+00 2.000000000000000000e+01 5.972171064214746306e-01
3.000000000000000000e+00 3.000000000000000000e+01 6.128356947821131939e-01
7.000000000000000000e+00 3.000000000000000000e+01 5.981508558339497794e-01
3.000000000000000000e+00 4.000000000000000000e+01 6.130507048722877439e-01
7.000000000000000000e+00 4.000000000000000000e+01 5.982203059863058225e-01
3.000000000000000000e+00 5.000000000000000000e+01 6.130656407762726801e-01
7.000000000000000000e+00 5.000000000000000000e+01 5.982247352574198151e-01
3.000000000000000000e+00 6.000000000000000000e+01 6.130664984151266150e-01
7.000000000000000000e+00 6.000000000000000000e+01 5.982249512925290613e-01
3.000000000000000000e+00 7.000000000000000000e+01 6.130665302186787402e-01
7.000000000000000000e+00 7.000000000000000000e+01 5.982249548079765500e-01
3.000000000000000000e+00 8.000000000000000000e+01 6.130665293504420355e-01
7.000000000000000000e+00 8.000000000000000000e+01 5.982249538948003487e-01
3.000000000000000000e+00 9.000000000000000000e+01 6.130665290019445823e-01
7.000000000000000000e+00 9.000000000000000000e+01 5.982249537300419195e-01
