3.000000000000000000e+00 1.000000000000000000e+01 4.087527035353327037e-02
7.000000000000000000e+00 1.000000000000000000e+01 4.006761152307184576e-02
3.000000000000000000e+00 2.000000000000000000e+01 2.014649697966910610e-02
7.000000000000000000e+00 2.000000000000000000e+01 3.938015218605551288e-02
3.000000000000000000e+00 3.000000000000000000e+01 3.786840994946346489e-02
7.000000000000000000e+00 3.000000000000000000e+01 4.950435831847564000e-02
3.000000000000000000e+00 4.000000000000000000e+01 2.462154417488624306e-02
7.000000000000000000e+00 4.000000000000000000e+01 4.051048973425563221e-02
3.000000000000000000e+00 5.000000000000000000e+01 3.276842349975238322e-02
7.000000000000000000e+00 5.000000000000000000e+01 4.691628422804131060e-02
3.000000000000000000e+00 6.000000000000000000e+01 2.827249648827577511e-02
7.000000000000000000e+00 6.000000000000000000e+01 4.490168754496017683e-02
3.000000000000000000e+00 7.000000000000000000e+01 3.057192525102279262e-02
7.000000000000000000e+00 7.000000000000000000e+01 4.443807639185588798e-02
3.000000000000000000e+00 8.000000000000000000e+01 3.147659050855679264e-02
7.000000000000000000e+00 8.000000000000000000e+01 4.564136758549365569e-02
3.000000000000000000e+00 9.000000000000000000e+01 3.046922189618026314e-02
7.000000000000000000e+00 9.000000000000000000e+01 4.458497269841333460e-02
