3.000000000000000000e+00 1.000000000000000000e+01 5.684897290530706304e-02
7.000000000000000000e+00 1.000000000000000000e+01 3.457137853389418564e-02
3.000000000000000000e+00 2.000000000000000000e+01 2.117095128413132646e-02
7.000000000000000000e+00 2.000000000000000000e+01 3.042763661872557868e-02
3.000000000000000000e+00 3.000000000000000000e+01 4.059299091428666961e-02
7.000000000000000000e+00 3.000000000000000000e+01 4.462097016764928620e-02
3.000000000000000000e+00 4.000000000000000000e+01 3.137757628485463024e-02
7.000000000000000000e+00 4.000000000000000000e+01 3.573274707669190503e-02
3.000000000000000000e+00 5.000000000000000000e+01 3.374890628897730255e-02
7.000000000000000000e+00 5.000000000000000000e+01 3.812041529508678611e-02
3.000000000000000000e+00 6.000000000000000000e+01 3.382312238192070747e-02
7.000000000000000000e+00 6.000000000000000000e+01 3.880488659753129205e-02
3.000000000000000000e+00 7.000000000000000000e+01 3.204282432168786138e-02
7.000000000000000000e+00 7.000000000000000000e+01 3.738638174483976256e-02
3.000000000000000000e+00 8.000000000000000000e+01 3.335690096425045215e-02
7.000000000000000000e+00 8.000000000000000000e+01 3.838412197817827470e-02
3.000000000000000000e+00 9.000000000000000000e+01 3.263482651564312415e-02
7.000000000000000000e+00 9.000000000000000000e+01 3.797384989959585316e-02
