3.000000000000000000e+00 1.000000000000000000e+01 5.637590264375977878e-01
7.000000000000000000e+00 1.000000000000000000e+01 5.837202651215060989e-01
3.000000000000000000e+00 2.000000000000000000e+01 5.988613348128664082e-01
7.000000000000000000e+00 2.000000000000000000e+01 5.955909191603395714e-01
3.000000000000000000e+00 3.000000000000000000e+01 6.023563027362525135e-01
7.000000000000000000e+00 3.000000000000000000e+01 5.966686760799349010e-01
3.000000000000000000e+00 4.000000000000000000e+01 6.026562181070905799e-01
7.000000000000000000e+00 4.000000000000000000e+01 5.967544900182344403e-01
3.000000000000000000e+00 5.000000000000000000e+01 6.026783914686457688e-01
7.000000000000000000e+00 5.000000000000000000e+01 5.967603289708522940e-01
3.000000000000000000e+00 6.000000000000000000e+01 6.026796855479836790e-01
7.000000000000000000e+00 6.000000000000000000e+01 5.967606273263844630e-01
3.000000000000000000e+00 7.000000000000000000e+01 6.026797217142556562e-01
7.000000000000000000e+00 7.000000000000000000e+01 5.967606309889841310e-01
3.000000000000000000e+00 8.000000000000000000e+01 6.026797170360126410e-01
7.000000000000000000e+00 8.000000000000000000e+01 5.967606292279084013e-01
3.000000000000000000e+00 9.000000000000000000e+01 6.026797159239363211e-01
7.000000000000000000e+00 9.000000000000000000e+01 5.967606289025066957e-01
