3.000000000000000000e+00 1.000000000000000000e+01 5.911235349932858485e-01
7.000000000000000000e+00 1.000000000000000000e+01 5.988796135088910733e-01
3.000000000000000000e+00 2.000000000000000000e+01 6.166398122779481739e-01
7.000000000000000000e+00 2.000000000000000000e+01 6.086443546982557296e-01
3.000000000000000000e+00 3.000000000000000000e+01 6.188484689354319945e-01
7.000000000000000000e+00 3.000000000000000000e+01 6.094335652120921321e-01
3.000000000000000000e+00 4.000000000000000000e+01 6.190153430487553843e-01
7.000000000000000000e+00 4.000000000000000000e+01 6.094897780669590315e-01
3.000000000000000000e+00 5.000000000000000000e+01 6.190264427559876159e-01
7.000000000000000000e+00 5.000000000000000000e+01 6.094932592423228934e-01
3.000000000000000000e+00 6.000000000000000000e+01 6.190270667830189977e-01
7.000000000000000000e+00 6.000000000000000000e+01 6.094934325901246730e-01
3.000000000000000000e+00 7.000000000000000000e+01 6.190270919506226655e-01
7.000000000000000000e+00 7.000000000000000000e+01 6.094934372842053527e-01
3.000000000000000000e+00 8.000000000000000000e+01 6.190270919471619893e-01
7.000000000000000000e+00 8.000000000000000000e+01 6.094934369546193276e-01
3.000000000000000000e+00 9.000000000000000000e+01 6.190270918013227597e-01
7.000000000000000000e+00 9.000000000000000000e+01 6.094934368803627267e-01
