3.000000000000000000e+00 1.000000000000000000e+01 4.429761122494144110e-01
7.000000000000000000e+00 1.000000000000000000e+01 1.724230793913710813e-01
3.000000000000000000e+00 2.000000000000000000e+01 6.973744538385315272e-02
7.000000000000000000e+00 2.000000000000000000e+01 2.690201463494009682e-01
3.000000000000000000e+00 3.000000000000000000e+01 2.724436151102288539e-01
7.000000000000000000e+00 3.000000000000000000e+01 7.408629064061010572e-02
3.000000000000000000e+00 4.000000000000000000e+01 8.351945756499770668e-02
7.000000000000000000e+00 4.000000000000000000e+01 2.775218607179801844e-01
3.000000000000000000e+00 5.000000000000000000e+01 5.357306332283401362e-01
7.000000000000000000e+00 5.000000000000000000e+01 2.771158319211087795e-01
3.000000000000000000e+00 6.000000000000000000e+01 5.357282003076085930e-01
7.000000000000000000e+00 6.000000000000000000e+01 2.771019745076610530e-01
3.000000000000000000e+00 7.000000000000000000e+01 5.357274352937505535e-01
7.000000000000000000e+00 7.000000000000000000e+01 7.896383027456102544e-02
3.000000000000000000e+00 8.000000000000000000e+01 5.357273076091008113e-01
7.000000000000000000e+00 8.000000000000000000e+01 7.913500382467081318e-02
3.000000000000000000e+00 9.000000000000000000e+01 5.357272911052323172e-01
7.000000000000000000e+00 9.000000000000000000e+01 2.771276914476488717e-01
