3.000000000000000000e+00 1.000000000000000000e+01 1.017750030983360782e-01
7.000000000000000000e+00 1.000000000000000000e+01 3.171546736232289110e-01
3.000000000000000000e+00 2.000000000000000000e+01 4.732478822804925961e-02
7.000000000000000000e+00 2.000000000000000000e+01 3.611173182787746905e-01
3.000000000000000000e+00 3.000000000000000000e+01 5.998765715893733530e-02
7.000000000000000000e+00 3.000000000000000000e+01 3.770637798938580865e-01
3.000000000000000000e+00 4.000000000000000000e+01 6.774222936598278677e-02
7.000000000000000000e+00 4.000000000000000000e+01 1.253289415974425391e-01
3.000000000000000000e+00 5.000000000000000000e+01 5.742978414931568937e-02
7.000000000000000000e+00 5.000000000000000000e+01 1.184680128178173669e-01
3.000000000000000000e+00 6.000000000000000000e+01 6.210750981085675498e-02
7.000000000000000000e+00 6.000000000000000000e+01 1.169187841821182627e-01
3.000000000000000000e+00 7.000000000000000000e+01 6.362982460095785442e-02
7.000000000000000000e+00 7.000000000000000000e+01 1.166809532707815816e-01
3.000000000000000000e+00 8.000000000000000000e+01 6.290071103307026679e-02
7.000000000000000000e+00 8.000000000000000000e+01 1.170093001764389157e-01
3.000000000000000000e+00 9.000000000000000000e+01 6.286691384221800016e-02
7.000000000000000000e+00 9.000000000000000000e+01 1.170448848598461267e-01
