3.000000000000000000e+00 1.000000000000000000e+01 4.414173395690695889e-01
7.000000000000000000e+00 1.000000000000000000e+01 4.570234848643830450e-01
3.000000000000000000e+00 2.000000000000000000e+01 7.065927495640936251e-02
7.000000000000000000e+00 2.000000000000000000e+01 4.958811129029774278e-01
3.000000000000000000e+00 3.000000000000000000e+01 2.729458453398316831e-01
7.000000000000000000e+00 3.000000000000000000e+01 4.981985308053833439e-01
3.000000000000000000e+00 4.000000000000000000e+01 8.333755174425808154e-02
7.000000000000000000e+00 4.000000000000000000e+01 2.778819134398446966e-01
3.000000000000000000e+00 5.000000000000000000e+01 5.360012492459393929e-01
7.000000000000000000e+00 5.000000000000000000e+01 2.774352586540779209e-01
3.000000000000000000e+00 6.000000000000000000e+01 5.359988130771023984e-01
7.000000000000000000e+00 6.000000000000000000e+01 2.774138256857506812e-01
3.000000000000000000e+00 7.000000000000000000e+01 5.359979704225089625e-01
7.000000000000000000e+00 7.000000000000000000e+01 2.774321911758716452e-01
3.000000000000000000e+00 8.000000000000000000e+01 5.359978237117030142e-01
7.000000000000000000e+00 8.000000000000000000e+01 2.774394906612618894e-01
3.000000000000000000e+00 9.000000000000000000e+01 5.359978040226802687e-01
7.000000000000000000e+00 9.000000000000000000e+01 2.774408589397671654e-01
