3.000000000000000000e+00 1.000000000000000000e+01 1.513537697422175365e-01
7.000000000000000000e+00 1.000000000000000000e+01 1.521680867485342425e-01
3.000000000000000000e+00 2.000000000000000000e+01 3.524142802127587237e-01
7.000000000000000000e+00 2.000000000000000000e+01 4.592046130172600105e-01
3.000000000000000000e+00 3.000000000000000000e+01 3.700723199179322132e-01
7.000000000000000000e+00 3.000000000000000000e+01 8.585294007809893269e-02
3.000000000000000000e+00 4.000000000000000000e+01 4.670476999960631037e-01
7.000000000000000000e+00 4.000000000000000000e+01 4.610895777059675349e-01
3.000000000000000000e+00 5.000000000000000000e+01 4.669624684856956143e-01
7.000000000000000000e+00 5.000000000000000000e+01 4.610492836675351147e-01
3.000000000000000000e+00 6.000000000000000000e+01 4.669365728149479922e-01
7.000000000000000000e+00 6.000000000000000000e+01 4.610396612990341758e-01
3.000000000000000000e+00 7.000000000000000000e+01 4.669318497635187581e-01
7.000000000000000000e+00 7.000000000000000000e+01 9.141038760295644439e-02
3.000000000000000000e+00 8.000000000000000000e+01 4.669312118167570635e-01
7.000000000000000000e+00 8.000000000000000000e+01 9.164619314588534627e-02
3.000000000000000000e+00 9.000000000000000000e+01 4.669311521021437539e-01
7.000000000000000000e+00 9.000000000000000000e+01 9.159365820733966768e-02
