3.000000000000000000e+00 1.000000000000000000e+01 1.018091307602287526e-01
7.000000000000000000e+00 1.000000000000000000e+01 3.170383981557043374e-01
3.000000000000000000e+00 2.000000000000000000e+01 4.742139568621966256e-02
7.000000000000000000e+00 2.000000000000000000e+01 3.611180800040006411e-01
3.000000000000000000e+00 3.000000000000000000e+01 5.989866137484411990e-02
7.000000000000000000e+00 3.000000000000000000e+01 3.770762628647847392e-01
3.000000000000000000e+00 4.000000000000000000e+01 6.774519202453994915e-02
7.000000000000000000e+00 4.000000000000000000e+01 1.252467943652938454e-01
3.000000000000000000e+00 5.000000000000000000e+01 5.745617810470852321e-02
7.000000000000000000e+00 5.000000000000000000e+01 1.184389704248303005e-01
3.000000000000000000e+00 6.000000000000000000e+01 6.207878340494311226e-02
7.000000000000000000e+00 6.000000000000000000e+01 1.168888235800549097e-01
3.000000000000000000e+00 7.000000000000000000e+01 6.362749443552809248e-02
7.000000000000000000e+00 7.000000000000000000e+01 1.166358112370022293e-01
3.000000000000000000e+00 8.000000000000000000e+01 6.290607351093875643e-02
7.000000000000000000e+00 8.000000000000000000e+01 1.169651609603819808e-01
3.000000000000000000e+00 9.000000000000000000e+01 6.285861874676286487e-02
7.000000000000000000e+00 9.000000000000000000e+01 1.170047316093893452e-01
