3.000000000000000000e+00 1.000000000000000000e+01 6.421842642302955095e-02
7.000000000000000000e+00 1.000000000000000000e+01 3.138857738709973505e-02
3.000000000000000000e+00 2.000000000000000000e+01 2.378646134689280794e-02
7.000000000000000000e+00 2.000000000000000000e+01 2.774654546165320271e-02
3.000000000000000000e+00 3.000000000000000000e+01 4.259963948627269043e-02
7.000000000000000000e+00 3.000000000000000000e+01 4.207824240810531524e-02
3.000000000000000000e+00 4.000000000000000000e+01 3.443464228515744074e-02
7.000000000000000000e+00 4.000000000000000000e+01 3.235167730456690177e-02
3.000000000000000000e+00 5.000000000000000000e+01 3.570234685509963979e-02
7.000000000000000000e+00 5.000000000000000000e+01 3.616829686874355881e-02
3.000000000000000000e+00 6.000000000000000000e+01 3.828695398284642781e-02
7.000000000000000000e+00 6.000000000000000000e+01 3.485720832479836939e-02
3.000000000000000000e+00 7.000000000000000000e+01 3.648141582898665330e-02
7.000000000000000000e+00 7.000000000000000000e+01 3.390185920019461729e-02
3.000000000000000000e+00 8.000000000000000000e+01 3.729142614672643213e-02
7.000000000000000000e+00 8.000000000000000000e+01 3.460339676803515785e-02
3.000000000000000000e+00 9.000000000000000000e+01 3.711238717655114538e-02
7.000000000000000000e+00 9.000000000000000000e+01 3.429256075962550110e-02
