3.000000000000000000e+00 1.000000000000000000e+01 5.675945334285578681e-02
7.000000000000000000e+00 1.000000000000000000e+01 3.444818398394259434e-02
3.000000000000000000e+00 2.000000000000000000e+01 2.117164083909774813e-02
7.000000000000000000e+00 2.000000000000000000e+01 3.050403466147430520e-02
3.000000000000000000e+00 3.000000000000000000e+01 4.064772576193854264e-02
7.000000000000000000e+00 3.000000000000000000e+01 4.461521271051573090e-02
3.000000000000000000e+00 4.000000000000000000e+01 3.130395583880116878e-02
7.000000000000000000e+00 4.000000000000000000e+01 3.569770424246123536e-02
3.000000000000000000e+00 5.000000000000000000e+01 3.380058990026580529e-02
7.000000000000000000e+00 5.000000000000000000e+01 3.817218776523736284e-02
3.000000000000000000e+00 6.000000000000000000e+01 3.378183789930668673e-02
7.000000000000000000e+00 6.000000000000000000e+01 3.878151505398135662e-02
3.000000000000000000e+00 7.000000000000000000e+01 3.205239080627843296e-02
7.000000000000000000e+00 7.000000000000000000e+01 3.740065761934983218e-02
3.000000000000000000e+00 8.000000000000000000e+01 3.335103867303196301e-02
7.000000000000000000e+00 8.000000000000000000e+01 3.839345285260994944e-02
3.000000000000000000e+00 9.000000000000000000e+01 3.262418784562995389e-02
7.000000000000000000e+00 9.000000000000000000e+01 3.797238596795189658e-02
