3.000000000000000000e+00 1.000000000000000000e+01 5.913864874666223681e-01
7.000000000000000000e+00 1.000000000000000000e+01 5.990008915734871264e-01
3.000000000000000000e+00 2.000000000000000000e+01 6.166485851272187624e-01
7.000000000000000000e+00 2.000000000000000000e+01 6.086310424416628839e-01
3.000000000000000000e+00 3.000000000000000000e+01 6.188140036019030843e-01
7.000000000000000000e+00 3.000000000000000000e+01 6.094015858827446230e-01
3.000000000000000000e+00 4.000000000000000000e+01 6.189759118191221487e-01
7.000000000000000000e+00 4.000000000000000000e+01 6.094558747902744100e-01
3.000000000000000000e+00 5.000000000000000000e+01 6.189865574492623423e-01
7.000000000000000000e+00 5.000000000000000000e+01 6.094591952394006196e-01
3.000000000000000000e+00 6.000000000000000000e+01 6.189871476157551289e-01
7.000000000000000000e+00 6.000000000000000000e+01 6.094593578533402667e-01
3.000000000000000000e+00 7.000000000000000000e+01 6.189871708694785202e-01
7.000000000000000000e+00 7.000000000000000000e+01 6.094593620652238863e-01
3.000000000000000000e+00 8.000000000000000000e+01 6.189871708176890586e-01
7.000000000000000000e+00 8.000000000000000000e+01 6.094593617398720298e-01
3.000000000000000000e+00 9.000000000000000000e+01 6.189871706784831895e-01
7.000000000000000000e+00 9.000000000000000000e+01 6.094593616698862348e-01
