3.000000000000000000e+00 1.000000000000000000e+01 5.803509766857017915e-01
7.000000000000000000e+00 1.000000000000000000e+01 5.861403756536361920e-01
3.000000000000000000e+00 2.000000000000000000e+01 6.101332616909194151e-01
7.000000000000000000e+00 2.000000000000000000e+01 5.972276931368917241e-01
3.000000000000000000e+00 3.000000000000000000e+01 6.128658765283795384e-01
7.000000000000000000e+00 3.000000000000000000e+01 5.981724235133604184e-01
3.000000000000000000e+00 4.000000000000000000e+01 6.130840626667075632e-01
7.000000000000000000e+00 4.000000000000000000e+01 5.982430663712675623e-01
3.000000000000000000e+00 5.000000000000000000e+01 6.130993058205657098e-01
7.000000000000000000e+00 5.000000000000000000e+01 5.982476000214950185e-01
3.000000000000000000e+00 6.000000000000000000e+01 6.131001874312027589e-01
7.000000000000000000e+00 6.000000000000000000e+01 5.982478231847894179e-01
3.000000000000000000e+00 7.000000000000000000e+01 6.131002205923319348e-01
7.000000000000000000e+00 7.000000000000000000e+01 5.982478269885885824e-01
3.000000000000000000e+00 8.000000000000000000e+01 6.131002197437570578e-01
7.000000000000000000e+00 8.000000000000000000e+01 5.982478260614582100e-01
3.000000000000000000e+00 9.000000000000000000e+01 6.131002193865938699e-01
7.000000000000000000e+00 9.000000000000000000e+01 5.982478258917212077e-01
