3.000000000000000000e+00 1.000000000000000000e+01 4.818066057514099748e-02
7.000000000000000000e+00 1.000000000000000000e+01 3.639274207412714762e-02
3.000000000000000000e+00 2.000000000000000000e+01 2.036798993012366166e-02
7.000000000000000000e+00 2.000000000000000000e+01 3.470836973343862514e-02
3.000000000000000000e+00 3.000000000000000000e+01 4.042896207798739316e-02
7.000000000000000000e+00 3.000000000000000000e+01 4.703364404493277223e-02
3.000000000000000000e+00 4.000000000000000000e+01 2.729663497784000706e-02
7.000000000000000000e+00 4.000000000000000000e+01 3.904468264700116514e-02
3.000000000000000000e+00 5.000000000000000000e+01 3.303838121069442579e-02
7.000000000000000000e+00 5.000000000000000000e+01 4.303876887973479698e-02
3.000000000000000000e+00 6.000000000000000000e+01 3.075926375247469910e-02
7.000000000000000000e+00 6.000000000000000000e+01 4.004196680143305709e-02
3.000000000000000000e+00 7.000000000000000000e+01 3.177611646323100919e-02
7.000000000000000000e+00 7.000000000000000000e+01 4.157334511848227027e-02
3.000000000000000000e+00 8.000000000000000000e+01 3.123251610426269753e-02
7.000000000000000000e+00 8.000000000000000000e+01 4.285959258273621536e-02
3.000000000000000000e+00 9.000000000000000000e+01 3.036373797928311469e-02
7.000000000000000000e+00 9.000000000000000000e+01 4.213973838494531471e-02
