3.000000000000000000e+00 1.000000000000000000e+01 1.180186618409781313e-01
7.000000000000000000e+00 1.000000000000000000e+01 2.432549985265449188e-01
3.000000000000000000e+00 2.000000000000000000e+01 4.816348223655356892e-02
7.000000000000000000e+00 2.000000000000000000e+01 4.197698020965041632e-01
3.000000000000000000e+00 3.000000000000000000e+01 5.891008403029437956e-02
7.000000000000000000e+00 3.000000000000000000e+01 4.208634433582408851e-01
3.000000000000000000e+00 4.000000000000000000e+01 7.019252854827703891e-02
7.000000000000000000e+00 4.000000000000000000e+01 4.205131710981488413e-01
3.000000000000000000e+00 5.000000000000000000e+01 6.174323537541513002e-02
7.000000000000000000e+00 5.000000000000000000e+01 4.203811547642673507e-01
3.000000000000000000e+00 6.000000000000000000e+01 6.540643508630869518e-02
7.000000000000000000e+00 6.000000000000000000e+01 4.203535148356410955e-01
3.000000000000000000e+00 7.000000000000000000e+01 6.681917329433739727e-02
7.000000000000000000e+00 7.000000000000000000e+01 4.203494309661479633e-01
3.000000000000000000e+00 8.000000000000000000e+01 6.657901912186341142e-02
7.000000000000000000e+00 8.000000000000000000e+01 4.203490635926199204e-01
3.000000000000000000e+00 9.000000000000000000e+01 6.633064526611444356e-02
7.000000000000000000e+00 9.000000000000000000e+01 4.203490768850222659e-01
