3.000000000000000000e+00 1.000000000000000000e+01 4.411533501924290723e-01
7.000000000000000000e+00 1.000000000000000000e+01 4.568905763407602461e-01
3.000000000000000000e+00 2.000000000000000000e+01 7.081558155698605694e-02
7.000000000000000000e+00 2.000000000000000000e+01 4.958977102471571197e-01
3.000000000000000000e+00 3.000000000000000000e+01 2.730302500216191253e-01
7.000000000000000000e+00 3.000000000000000000e+01 4.982418589091469063e-01
3.000000000000000000e+00 4.000000000000000000e+01 8.330531558849892104e-02
7.000000000000000000e+00 4.000000000000000000e+01 2.779426871825739220e-01
3.000000000000000000e+00 5.000000000000000000e+01 5.360465184426338459e-01
7.000000000000000000e+00 5.000000000000000000e+01 2.774889959516703697e-01
3.000000000000000000e+00 6.000000000000000000e+01 5.360440850076907404e-01
7.000000000000000000e+00 6.000000000000000000e+01 2.774661957626485265e-01
3.000000000000000000e+00 7.000000000000000000e+01 5.360432288678934620e-01
7.000000000000000000e+00 7.000000000000000000e+01 2.774846065794283612e-01
3.000000000000000000e+00 8.000000000000000000e+01 5.360430787432227673e-01
7.000000000000000000e+00 8.000000000000000000e+01 2.774920288766750676e-01
3.000000000000000000e+00 9.000000000000000000e+01 5.360430584695117240e-01
7.000000000000000000e+00 9.000000000000000000e+01 2.774934395725658365e-01
