3.000000000000000000e+00 1.000000000000000000e+01 4.107053480376252758e-02
7.000000000000000000e+00 1.000000000000000000e+01 4.027198890025407430e-02
3.000000000000000000e+00 2.000000000000000000e+01 2.008203302224656830e-02
7.000000000000000000e+00 2.000000000000000000e+01 3.912850296110739062e-02
3.000000000000000000e+00 3.000000000000000000e+01 3.790849870369554508e-02
7.000000000000000000e+00 3.000000000000000000e+01 4.959616651972376111e-02
3.000000000000000000e+00 4.000000000000000000e+01 2.465853374021341124e-02
7.000000000000000000e+00 4.000000000000000000e+01 4.047600382968027932e-02
3.000000000000000000e+00 5.000000000000000000e+01 3.264777036383825076e-02
7.000000000000000000e+00 5.000000000000000000e+01 4.676485179316990093e-02
3.000000000000000000e+00 6.000000000000000000e+01 2.835795851653636832e-02
7.000000000000000000e+00 6.000000000000000000e+01 4.493659559017945671e-02
3.000000000000000000e+00 7.000000000000000000e+01 3.048505427117371991e-02
7.000000000000000000e+00 7.000000000000000000e+01 4.431194604426318129e-02
3.000000000000000000e+00 8.000000000000000000e+01 2.944906858003438002e-02
7.000000000000000000e+00 8.000000000000000000e+01 4.560713459366844830e-02
3.000000000000000000e+00 9.000000000000000000e+01 3.044139287205806232e-02
7.000000000000000000e+00 9.000000000000000000e+01 4.452433604631324954e-02
