3.000000000000000000e+00 1.000000000000000000e+01 1.179953732094995433e-01
7.000000000000000000e+00 1.000000000000000000e+01 2.434090370262673164e-01
3.000000000000000000e+00 2.000000000000000000e+01 4.784976308448217475e-02
7.000000000000000000e+00 2.000000000000000000e+01 4.197746401299600194e-01
3.000000000000000000e+00 3.000000000000000000e+01 5.913780503825503271e-02
7.000000000000000000e+00 3.000000000000000000e+01 4.207966506907165893e-01
3.000000000000000000e+00 4.000000000000000000e+01 7.023222835244788409e-02
7.000000000000000000e+00 4.000000000000000000e+01 4.204472773815920439e-01
3.000000000000000000e+00 5.000000000000000000e+01 6.162553096464536140e-02
7.000000000000000000e+00 5.000000000000000000e+01 4.203191683056740624e-01
3.000000000000000000e+00 6.000000000000000000e+01 6.544134207802199121e-02
7.000000000000000000e+00 6.000000000000000000e+01 4.202928316484533244e-01
3.000000000000000000e+00 7.000000000000000000e+01 6.683106352580557574e-02
7.000000000000000000e+00 7.000000000000000000e+01 4.202890225008738545e-01
3.000000000000000000e+00 8.000000000000000000e+01 6.654765019035312201e-02
7.000000000000000000e+00 8.000000000000000000e+01 4.202886941939565912e-01
3.000000000000000000e+00 9.000000000000000000e+01 6.632774272155490813e-02
7.000000000000000000e+00 9.000000000000000000e+01 4.202887097723393972e-01
