3.000000000000000000e+00 1.000000000000000000e+01 1.511881090412279249e-01
7.000000000000000000e+00 1.000000000000000000e+01 1.524165449610610235e-01
3.000000000000000000e+00 2.000000000000000000e+01 3.524217729234035423e-01
7.000000000000000000e+00 2.000000000000000000e+01 4.592338673714945751e-01
3.000000000000000000e+00 3.000000000000000000e+01 3.702719785863230473e-01
7.000000000000000000e+00 3.000000000000000000e+01 8.567248404574225040e-02
3.000000000000000000e+00 4.000000000000000000e+01 4.672180317223340595e-01
7.000000000000000000e+00 4.000000000000000000e+01 4.612295944648381330e-01
3.000000000000000000e+00 5.000000000000000000e+01 4.671316297479807811e-01
7.000000000000000000e+00 5.000000000000000000e+01 4.611880794326344013e-01
3.000000000000000000e+00 6.000000000000000000e+01 4.671043887315606824e-01
7.000000000000000000e+00 6.000000000000000000e+01 4.611778577834774739e-01
3.000000000000000000e+00 7.000000000000000000e+01 4.670992953367686384e-01
7.000000000000000000e+00 7.000000000000000000e+01 4.611761577388001077e-01
3.000000000000000000e+00 8.000000000000000000e+01 4.670985885162962647e-01
7.000000000000000000e+00 8.000000000000000000e+01 4.611759419336374788e-01
3.000000000000000000e+00 9.000000000000000000e+01 4.670985195079312979e-01
7.000000000000000000e+00 9.000000000000000000e+01 4.611759226620719132e-01
