3.000000000000000000e+00 1.000000000000000000e+01 4.116786666740585021e-02
7.000000000000000000e+00 1.000000000000000000e+01 4.037483664878701445e-02
3.000000000000000000e+00 2.000000000000000000e+01 2.005176647591426844e-02
7.000000000000000000e+00 2.000000000000000000e+01 3.900410632279285861e-02
3.000000000000000000e+00 3.000000000000000000e+01 3.981926212611008875e-02
7.000000000000000000e+00 3.000000000000000000e+01 4.964048444361213869e-02
3.000000000000000000e+00 4.000000000000000000e+01 2.467982777965813460e-02
7.000000000000000000e+00 4.000000000000000000e+01 4.046136684044685655e-02
3.000000000000000000e+00 5.000000000000000000e+01 3.258550134203981596e-02
7.000000000000000000e+00 5.000000000000000000e+01 4.668717875669532030e-02
3.000000000000000000e+00 6.000000000000000000e+01 2.840236776603944496e-02
7.000000000000000000e+00 6.000000000000000000e+01 4.495484050863429726e-02
3.000000000000000000e+00 7.000000000000000000e+01 3.044165008499190653e-02
7.000000000000000000e+00 7.000000000000000000e+01 4.424924105966195759e-02
3.000000000000000000e+00 8.000000000000000000e+01 2.947573813882001237e-02
7.000000000000000000e+00 8.000000000000000000e+01 4.558911881251777320e-02
3.000000000000000000e+00 9.000000000000000000e+01 3.042844491807326218e-02
7.000000000000000000e+00 9.000000000000000000e+01 4.449500494027128911e-02
