3.000000000000000000e+00 1.000000000000000000e+01 5.648850814216874877e-02
7.000000000000000000e+00 1.000000000000000000e+01 3.408112850645423492e-02
3.000000000000000000e+00 2.000000000000000000e+01 2.118139886167952346e-02
7.000000000000000000e+00 2.000000000000000000e+01 3.073898935412988642e-02
3.000000000000000000e+00 3.000000000000000000e+01 4.080349618585969035e-02
7.000000000000000000e+00 3.000000000000000000e+01 4.459017102011825218e-02
3.000000000000000000e+00 4.000000000000000000e+01 3.108977762104680326e-02
7.000000000000000000e+00 4.000000000000000000e+01 3.560023230567145591e-02
3.000000000000000000e+00 5.000000000000000000e+01 3.395557664835145012e-02
7.000000000000000000e+00 5.000000000000000000e+01 3.832450647324939230e-02
3.000000000000000000e+00 6.000000000000000000e+01 3.365660660421387201e-02
7.000000000000000000e+00 6.000000000000000000e+01 3.871071298180395887e-02
3.000000000000000000e+00 7.000000000000000000e+01 3.208463997842929405e-02
7.000000000000000000e+00 7.000000000000000000e+01 3.744675154768287162e-02
3.000000000000000000e+00 8.000000000000000000e+01 3.332987766524865558e-02
7.000000000000000000e+00 8.000000000000000000e+01 3.841887636278173979e-02
3.000000000000000000e+00 9.000000000000000000e+01 3.259503011193329997e-02
7.000000000000000000e+00 9.000000000000000000e+01 3.796976322656463176e-02
