3.000000000000000000e+00 1.000000000000000000e+01 1.510556971712935237e-01
7.000000000000000000e+00 1.000000000000000000e+01 1.525974274127167574e-01
3.000000000000000000e+00 2.000000000000000000e+01 3.524219276307869464e-01
7.000000000000000000e+00 2.000000000000000000e+01 4.592534944967659460e-01
3.000000000000000000e+00 3.000000000000000000e+01 3.704218284073744760e-01
7.000000000000000000e+00 3.000000000000000000e+01 4.613337954689031295e-01
3.000000000000000000e+00 4.000000000000000000e+01 4.673462867557965361e-01
7.000000000000000000e+00 4.000000000000000000e+01 4.613357669271064276e-01
3.000000000000000000e+00 5.000000000000000000e+01 4.672591059607490993e-01
7.000000000000000000e+00 5.000000000000000000e+01 4.612933469773679018e-01
3.000000000000000000e+00 6.000000000000000000e+01 4.672308224361069184e-01
7.000000000000000000e+00 6.000000000000000000e+01 4.612826558191435167e-01
3.000000000000000000e+00 7.000000000000000000e+01 4.672254343967485735e-01
7.000000000000000000e+00 7.000000000000000000e+01 4.612808445309177774e-01
3.000000000000000000e+00 8.000000000000000000e+01 4.672246715171624043e-01
7.000000000000000000e+00 8.000000000000000000e+01 4.612806097836852914e-01
3.000000000000000000e+00 9.000000000000000000e+01 4.672245947283327761e-01
7.000000000000000000e+00 9.000000000000000000e+01 4.612805881201206271e-01
