3.000000000000000000e+00 1.000000000000000000e+01 1.511006169432490831e-01
7.000000000000000000e+00 1.000000000000000000e+01 1.525376627342882319e-01
3.000000000000000000e+00 2.000000000000000000e+01 3.524224067037647345e-01
7.000000000000000000e+00 2.000000000000000000e+01 4.592471788553603718e-01
3.000000000000000000e+00 3.000000000000000000e+01 3.703718715658197436e-01
7.000000000000000000e+00 3.000000000000000000e+01 4.613004199436573916e-01
3.000000000000000000e+00 4.000000000000000000e+01 4.673034872739523227e-01
7.000000000000000000e+00 4.000000000000000000e+01 4.613002651670632948e-01
3.000000000000000000e+00 5.000000000000000000e+01 4.672165560436066789e-01
7.000000000000000000e+00 5.000000000000000000e+01 4.612581456132737734e-01
3.000000000000000000e+00 6.000000000000000000e+01 4.671886232185060162e-01
7.000000000000000000e+00 6.000000000000000000e+01 4.612476128961934818e-01
3.000000000000000000e+00 7.000000000000000000e+01 4.671833350485845582e-01
7.000000000000000000e+00 7.000000000000000000e+01 4.612458394078918222e-01
3.000000000000000000e+00 8.000000000000000000e+01 4.671825912929120639e-01
7.000000000000000000e+00 8.000000000000000000e+01 4.612456111388933411e-01
3.000000000000000000e+00 9.000000000000000000e+01 4.671825171792086673e-01
7.000000000000000000e+00 9.000000000000000000e+01 4.612455903001502211e-01
