3.000000000000000000e+00 1.000000000000000000e+01 5.666953382376977572e-02
7.000000000000000000e+00 1.000000000000000000e+01 3.432540730517531780e-02
3.000000000000000000e+00 2.000000000000000000e+01 2.117361613757417355e-02
7.000000000000000000e+00 2.000000000000000000e+01 3.058140213564322293e-02
3.000000000000000000e+00 3.000000000000000000e+01 4.070105676076254259e-02
7.000000000000000000e+00 3.000000000000000000e+01 4.460815237179111686e-02
3.000000000000000000e+00 4.000000000000000000e+01 3.123143977580957950e-02
7.000000000000000000e+00 4.000000000000000000e+01 3.566393520138618628e-02
3.000000000000000000e+00 5.000000000000000000e+01 3.385228194086328801e-02
7.000000000000000000e+00 5.000000000000000000e+01 3.822347308632196433e-02
3.000000000000000000e+00 6.000000000000000000e+01 3.374030441238687339e-02
7.000000000000000000e+00 6.000000000000000000e+01 3.875801352448385306e-02
3.000000000000000000e+00 7.000000000000000000e+01 3.206256402462485944e-02
7.000000000000000000e+00 7.000000000000000000e+01 3.741548864808653951e-02
3.000000000000000000e+00 8.000000000000000000e+01 3.334457348616373662e-02
7.000000000000000000e+00 8.000000000000000000e+01 3.840235318830401146e-02
3.000000000000000000e+00 9.000000000000000000e+01 3.261400852776600440e-02
7.000000000000000000e+00 9.000000000000000000e+01 3.797121297269575452e-02
