3.000000000000000000e+00 1.000000000000000000e+01 1.179764610141784409e-01
7.000000000000000000e+00 1.000000000000000000e+01 2.435082189399404295e-01
3.000000000000000000e+00 2.000000000000000000e+01 4.764625391419768236e-02
7.000000000000000000e+00 2.000000000000000000e+01 4.197768203946421472e-01
3.000000000000000000e+00 3.000000000000000000e+01 5.929198625146612361e-02
7.000000000000000000e+00 3.000000000000000000e+01 4.207525173218887304e-01
3.000000000000000000e+00 4.000000000000000000e+01 7.025375976961166502e-02
7.000000000000000000e+00 4.000000000000000000e+01 4.204039310525909956e-01
3.000000000000000000e+00 5.000000000000000000e+01 6.155017855742389576e-02
7.000000000000000000e+00 5.000000000000000000e+01 4.202783853854963891e-01
3.000000000000000000e+00 6.000000000000000000e+01 6.546620691108077927e-02
7.000000000000000000e+00 6.000000000000000000e+01 4.202528877382951666e-01
3.000000000000000000e+00 7.000000000000000000e+01 6.683735353923267453e-02
7.000000000000000000e+00 7.000000000000000000e+01 4.202492525361388731e-01
3.000000000000000000e+00 8.000000000000000000e+01 6.652721800382889461e-02
7.000000000000000000e+00 8.000000000000000000e+01 4.202489484008148923e-01
3.000000000000000000e+00 9.000000000000000000e+01 6.632644139804685923e-02
7.000000000000000000e+00 9.000000000000000000e+01 4.202489652713892188e-01
