3.000000000000000000e+00 1.000000000000000000e+01 1.512724869806227612e-01
7.000000000000000000e+00 1.000000000000000000e+01 1.522933405347418612e-01
3.000000000000000000e+00 2.000000000000000000e+01 3.524190506346880358e-01
7.000000000000000000e+00 2.000000000000000000e+01 4.592196703524172308e-01
3.000000000000000000e+00 3.000000000000000000e+01 3.701721238863115437e-01
7.000000000000000000e+00 3.000000000000000000e+01 8.576180804314054162e-02
3.000000000000000000e+00 4.000000000000000000e+01 4.671327687719754596e-01
7.000000000000000000e+00 4.000000000000000000e+01 4.611593659483977370e-01
3.000000000000000000e+00 5.000000000000000000e+01 4.670469341653509798e-01
7.000000000000000000e+00 5.000000000000000000e+01 4.611184596945216985e-01
3.000000000000000000e+00 6.000000000000000000e+01 4.670203721890937021e-01
7.000000000000000000e+00 6.000000000000000000e+01 4.611085414560489038e-01
3.000000000000000000e+00 7.000000000000000000e+01 4.670154671061640395e-01
7.000000000000000000e+00 7.000000000000000000e+01 9.139666190860969153e-02
3.000000000000000000e+00 8.000000000000000000e+01 4.670147955317252020e-01
7.000000000000000000e+00 8.000000000000000000e+01 9.164119319038468992e-02
3.000000000000000000e+00 9.000000000000000000e+01 4.670147313172766657e-01
7.000000000000000000e+00 9.000000000000000000e+01 4.611066902796761569e-01
