3.000000000000000000e+00 1.000000000000000000e+01 1.018755832546272555e-01
7.000000000000000000e+00 1.000000000000000000e+01 3.168034923336755515e-01
3.000000000000000000e+00 2.000000000000000000e+01 4.761811387559236608e-02
7.000000000000000000e+00 2.000000000000000000e+01 3.611192074021778442e-01
3.000000000000000000e+00 3.000000000000000000e+01 5.972213479674972486e-02
7.000000000000000000e+00 3.000000000000000000e+01 1.096943645647546206e-01
3.000000000000000000e+00 4.000000000000000000e+01 6.774805856611444688e-02
7.000000000000000000e+00 4.000000000000000000e+01 1.250816358026699548e-01
3.000000000000000000e+00 5.000000000000000000e+01 5.751163895057549019e-02
7.000000000000000000e+00 5.000000000000000000e+01 1.183803339637930080e-01
3.000000000000000000e+00 6.000000000000000000e+01 6.202177675541984542e-02
7.000000000000000000e+00 6.000000000000000000e+01 1.168297263176384659e-01
3.000000000000000000e+00 7.000000000000000000e+01 6.362165533738850520e-02
7.000000000000000000e+00 7.000000000000000000e+01 1.165459300548856714e-01
3.000000000000000000e+00 8.000000000000000000e+01 6.291756468506383426e-02
7.000000000000000000e+00 8.000000000000000000e+01 1.168768035180201004e-01
3.000000000000000000e+00 9.000000000000000000e+01 6.284224086457822211e-02
7.000000000000000000e+00 9.000000000000000000e+01 1.169245192565892266e-01
