3.000000000000000000e+00 1.000000000000000000e+01 1.179862540648704550e-01
7.000000000000000000e+00 1.000000000000000000e+01 2.434589761825174947e-01
3.000000000000000000e+00 2.000000000000000000e+01 4.774744353662307983e-02
7.000000000000000000e+00 2.000000000000000000e+01 4.197758327109674670e-01
3.000000000000000000e+00 3.000000000000000000e+01 5.921466895278707648e-02
7.000000000000000000e+00 3.000000000000000000e+01 4.207745442261088820e-01
3.000000000000000000e+00 4.000000000000000000e+01 7.024348290411988605e-02
7.000000000000000000e+00 4.000000000000000000e+01 4.204255462119463882e-01
3.000000000000000000e+00 5.000000000000000000e+01 6.158753909258516540e-02
7.000000000000000000e+00 5.000000000000000000e+01 4.202987230117591344e-01
3.000000000000000000e+00 6.000000000000000000e+01 6.545362291815591538e-02
7.000000000000000000e+00 6.000000000000000000e+01 4.202728087997056883e-01
3.000000000000000000e+00 7.000000000000000000e+01 6.683437089616905968e-02
7.000000000000000000e+00 7.000000000000000000e+01 4.202690875229161405e-01
3.000000000000000000e+00 8.000000000000000000e+01 6.653738259463368165e-02
7.000000000000000000e+00 8.000000000000000000e+01 4.202687714826948140e-01
3.000000000000000000e+00 9.000000000000000000e+01 6.632703146110180414e-02
7.000000000000000000e+00 9.000000000000000000e+01 4.202687877291487739e-01
