3.000000000000000000e+00 1.000000000000000000e+01 5.802100925541168186e-01
7.000000000000000000e+00 1.000000000000000000e+01 5.860752767917072337e-01
3.000000000000000000e+00 2.000000000000000000e+01 6.101371286275490968e-01
7.000000000000000000e+00 2.000000000000000000e+01 5.972382204359636404e-01
3.000000000000000000e+00 3.000000000000000000e+01 6.128960600749234766e-01
7.000000000000000000e+00 3.000000000000000000e+01 5.981940559961030912e-01
3.000000000000000000e+00 4.000000000000000000e+01 6.131174677039951115e-01
7.000000000000000000e+00 4.000000000000000000e+01 5.982659114089081687e-01
3.000000000000000000e+00 5.000000000000000000e+01 6.131330242284889209e-01
7.000000000000000000e+00 5.000000000000000000e+01 5.982705518050938087e-01
3.000000000000000000e+00 6.000000000000000000e+01 6.131339304488370168e-01
7.000000000000000000e+00 6.000000000000000000e+01 5.982707823142137116e-01
3.000000000000000000e+00 7.000000000000000000e+01 6.131339650175877676e-01
7.000000000000000000e+00 7.000000000000000000e+01 5.982707864201881609e-01
3.000000000000000000e+00 8.000000000000000000e+01 6.131339641908404303e-01
7.000000000000000000e+00 8.000000000000000000e+01 5.982707854792289615e-01
3.000000000000000000e+00 9.000000000000000000e+01 6.131339638248539670e-01
7.000000000000000000e+00 9.000000000000000000e+01 5.982707853043797153e-01
