3.000000000000000000e+00 1.000000000000000000e+01 4.416801241861890714e-01
7.000000000000000000e+00 1.000000000000000000e+01 4.571554287033329222e-01
3.000000000000000000e+00 2.000000000000000000e+01 7.050372367319229783e-02
7.000000000000000000e+00 2.000000000000000000e+01 2.694351151075823347e-01
3.000000000000000000e+00 3.000000000000000000e+01 2.728616389752639981e-01
7.000000000000000000e+00 3.000000000000000000e+01 7.394258484518037577e-02
3.000000000000000000e+00 4.000000000000000000e+01 8.336924574304534208e-02
7.000000000000000000e+00 4.000000000000000000e+01 2.778213603577632806e-01
3.000000000000000000e+00 5.000000000000000000e+01 5.359560276578161364e-01
7.000000000000000000e+00 5.000000000000000000e+01 2.773816653910143315e-01
3.000000000000000000e+00 6.000000000000000000e+01 5.359535897492140322e-01
7.000000000000000000e+00 6.000000000000000000e+01 2.773615689708886500e-01
3.000000000000000000e+00 7.000000000000000000e+01 5.359527604240396093e-01
7.000000000000000000e+00 7.000000000000000000e+01 2.773798842939522724e-01
3.000000000000000000e+00 8.000000000000000000e+01 5.359526170555569680e-01
7.000000000000000000e+00 8.000000000000000000e+01 2.773870620816831778e-01
3.000000000000000000e+00 9.000000000000000000e+01 5.359525979351663638e-01
7.000000000000000000e+00 9.000000000000000000e+01 2.773883888745889426e-01
