3.000000000000000000e+00 1.000000000000000000e+01 4.885183873690585737e-02
7.000000000000000000e+00 1.000000000000000000e+01 3.718349056425331034e-02
3.000000000000000000e+00 2.000000000000000000e+01 2.024888544282945832e-02
7.000000000000000000e+00 2.000000000000000000e+01 3.399234981384582910e-02
3.000000000000000000e+00 3.000000000000000000e+01 4.021289262696356448e-02
7.000000000000000000e+00 3.000000000000000000e+01 4.721562559732034314e-02
3.000000000000000000e+00 4.000000000000000000e+01 2.766336459300813844e-02
7.000000000000000000e+00 4.000000000000000000e+01 3.625611164210388454e-02
3.000000000000000000e+00 5.000000000000000000e+01 3.258915172636223101e-02
7.000000000000000000e+00 5.000000000000000000e+01 4.253682557713175938e-02
3.000000000000000000e+00 6.000000000000000000e+01 3.110829395430435296e-02
7.000000000000000000e+00 6.000000000000000000e+01 4.019857101133601784e-02
3.000000000000000000e+00 7.000000000000000000e+01 3.161440307405063294e-02
7.000000000000000000e+00 7.000000000000000000e+01 4.133648811430027520e-02
3.000000000000000000e+00 8.000000000000000000e+01 3.135671755361185697e-02
7.000000000000000000e+00 8.000000000000000000e+01 4.272032127990159356e-02
3.000000000000000000e+00 9.000000000000000000e+01 3.033650666650434743e-02
7.000000000000000000e+00 9.000000000000000000e+01 4.207004893147812952e-02
