3.000000000000000000e+00 1.000000000000000000e+01 5.915168151684243592e-01
7.000000000000000000e+00 1.000000000000000000e+01 5.990607797344503771e-01
3.000000000000000000e+00 2.000000000000000000e+01 6.166526448860021326e-01
7.000000000000000000e+00 2.000000000000000000e+01 6.086242787102631446e-01
3.000000000000000000e+00 3.000000000000000000e+01 6.187967486956442720e-01
7.000000000000000000e+00 3.000000000000000000e+01 6.093856489971962720e-01
3.000000000000000000e+00 4.000000000000000000e+01 6.189562280996341315e-01
7.000000000000000000e+00 4.000000000000000000e+01 6.094390000972711441e-01
3.000000000000000000e+00 5.000000000000000000e+01 6.189666535190733176e-01
7.000000000000000000e+00 5.000000000000000000e+01 6.094422429031181032e-01
3.000000000000000000e+00 6.000000000000000000e+01 6.189672274250682671e-01
7.000000000000000000e+00 6.000000000000000000e+01 6.094424003889328256e-01
3.000000000000000000e+00 7.000000000000000000e+01 6.189672497723009981e-01
7.000000000000000000e+00 7.000000000000000000e+01 6.094424043749412379e-01
3.000000000000000000e+00 8.000000000000000000e+01 6.189672496987030925e-01
7.000000000000000000e+00 8.000000000000000000e+01 6.094424040520713959e-01
3.000000000000000000e+00 9.000000000000000000e+01 6.189672495627452919e-01
7.000000000000000000e+00 9.000000000000000000e+01 6.094424039841406238e-01
