3.000000000000000000e+00 1.000000000000000000e+01 4.808358706964153961e-02
7.000000000000000000e+00 1.000000000000000000e+01 3.628155436298619724e-02
3.000000000000000000e+00 2.000000000000000000e+01 2.039018215957436736e-02
7.000000000000000000e+00 2.000000000000000000e+01 3.481439664591327171e-02
3.000000000000000000e+00 3.000000000000000000e+01 4.045347550159049399e-02
7.000000000000000000e+00 3.000000000000000000e+01 4.700277116298527680e-02
3.000000000000000000e+00 4.000000000000000000e+01 2.725056382766564977e-02
7.000000000000000000e+00 4.000000000000000000e+01 3.902935596553093467e-02
3.000000000000000000e+00 5.000000000000000000e+01 3.309984852893985835e-02
7.000000000000000000e+00 5.000000000000000000e+01 4.310747350571311060e-02
3.000000000000000000e+00 6.000000000000000000e+01 3.071111634027499579e-02
7.000000000000000000e+00 6.000000000000000000e+01 4.002122243287661169e-02
3.000000000000000000e+00 7.000000000000000000e+01 3.180142141625431906e-02
7.000000000000000000e+00 7.000000000000000000e+01 4.160950751847369844e-02
3.000000000000000000e+00 8.000000000000000000e+01 3.121304437510957069e-02
7.000000000000000000e+00 8.000000000000000000e+01 4.287713740435807747e-02
3.000000000000000000e+00 9.000000000000000000e+01 3.036985963319408649e-02
7.000000000000000000e+00 9.000000000000000000e+01 4.215144196622662431e-02
