3.000000000000000000e+00 1.000000000000000000e+01 4.145861810349656812e-02
7.000000000000000000e+00 1.000000000000000000e+01 4.068595906631037457e-02
3.000000000000000000e+00 2.000000000000000000e+01 1.996891843083221582e-02
7.000000000000000000e+00 2.000000000000000000e+01 3.863680964533731943e-02
3.000000000000000000e+00 3.000000000000000000e+01 3.979631387808267584e-02
7.000000000000000000e+00 3.000000000000000000e+01 4.976683004008342764e-02
3.000000000000000000e+00 4.000000000000000000e+01 2.475493974001595487e-02
7.000000000000000000e+00 4.000000000000000000e+01 4.042795810633463549e-02
3.000000000000000000e+00 5.000000000000000000e+01 3.239117678800038785e-02
7.000000000000000000e+00 5.000000000000000000e+01 4.644649537262088290e-02
3.000000000000000000e+00 6.000000000000000000e+01 2.854199435722725581e-02
7.000000000000000000e+00 6.000000000000000000e+01 4.501238396032376798e-02
3.000000000000000000e+00 7.000000000000000000e+01 3.031204917763683990e-02
7.000000000000000000e+00 7.000000000000000000e+01 4.406297122341767958e-02
3.000000000000000000e+00 8.000000000000000000e+01 2.955572791432895322e-02
7.000000000000000000e+00 8.000000000000000000e+01 4.553119861584277450e-02
3.000000000000000000e+00 9.000000000000000000e+01 3.039376480678407724e-02
7.000000000000000000e+00 9.000000000000000000e+01 4.441105071765581724e-02
