3.000000000000000000e+00 1.000000000000000000e+01 1.512306860959657939e-01
7.000000000000000000e+00 1.000000000000000000e+01 1.523552012436282244e-01
3.000000000000000000e+00 2.000000000000000000e+01 3.524206703058860857e-01
7.000000000000000000e+00 2.000000000000000000e+01 4.592268779654199995e-01
3.000000000000000000e+00 3.000000000000000000e+01 3.702220456636386992e-01
7.000000000000000000e+00 3.000000000000000000e+01 8.571691479901423494e-02
3.000000000000000000e+00 4.000000000000000000e+01 4.671753760713254766e-01
7.000000000000000000e+00 4.000000000000000000e+01 4.611944250521994859e-01
3.000000000000000000e+00 5.000000000000000000e+01 4.670892531680740922e-01
7.000000000000000000e+00 5.000000000000000000e+01 4.611532139293414434e-01
3.000000000000000000e+00 6.000000000000000000e+01 4.670623532659817778e-01
7.000000000000000000e+00 6.000000000000000000e+01 4.611431449354548850e-01
3.000000000000000000e+00 7.000000000000000000e+01 4.670573548235126826e-01
7.000000000000000000e+00 7.000000000000000000e+01 9.138988862866949392e-02
3.000000000000000000e+00 8.000000000000000000e+01 4.670566658327139908e-01
7.000000000000000000e+00 8.000000000000000000e+01 4.611412707470142758e-01
3.000000000000000000e+00 9.000000000000000000e+01 4.670565992591296234e-01
7.000000000000000000e+00 9.000000000000000000e+01 4.611412522194921482e-01
