3.000000000000000000e+00 1.000000000000000000e+01 4.985193335206329346e-01
7.000000000000000000e+00 1.000000000000000000e+01 4.792437915719552355e-01
3.000000000000000000e+00 2.000000000000000000e+01 5.628349895639498390e-01
7.000000000000000000e+00 2.000000000000000000e+01 5.159542109710922864e-01
3.000000000000000000e+00 3.000000000000000000e+01 9.503474232412717493e-02
7.000000000000000000e+00 3.000000000000000000e+01 5.180432113267779970e-01
3.000000000000000000e+00 4.000000000000000000e+01 5.683405742546325801e-01
7.000000000000000000e+00 4.000000000000000000e+01 5.181841278431795761e-01
3.000000000000000000e+00 5.000000000000000000e+01 5.683672149146018482e-01
7.000000000000000000e+00 5.000000000000000000e+01 7.072928361489798366e-02
3.000000000000000000e+00 6.000000000000000000e+01 5.683678517122130458e-01
7.000000000000000000e+00 6.000000000000000000e+01 5.181863606434407021e-01
3.000000000000000000e+00 7.000000000000000000e+01 5.683676977924301266e-01
7.000000000000000000e+00 7.000000000000000000e+01 5.181861221353107894e-01
3.000000000000000000e+00 8.000000000000000000e+01 5.683676625705471608e-01
7.000000000000000000e+00 8.000000000000000000e+01 5.181860869208275711e-01
3.000000000000000000e+00 9.000000000000000000e+01 5.683676575774160300e-01
7.000000000000000000e+00 9.000000000000000000e+01 5.181860827644636514e-01
