3.000000000000000000e+00 1.000000000000000000e+01 1.180250600135666211e-01
7.000000000000000000e+00 1.000000000000000000e+01 2.432022310716944469e-01
3.000000000000000000e+00 2.000000000000000000e+01 4.827030200503772822e-02
7.000000000000000000e+00 2.000000000000000000e+01 4.197677588589242004e-01
3.000000000000000000e+00 3.000000000000000000e+01 5.883518435147651326e-02
7.000000000000000000e+00 3.000000000000000000e+01 4.208858639105311772e-01
3.000000000000000000e+00 4.000000000000000000e+01 7.017729404183371822e-02
7.000000000000000000e+00 4.000000000000000000e+01 4.205353704514447899e-01
3.000000000000000000e+00 5.000000000000000000e+01 6.178369191264545396e-02
7.000000000000000000e+00 5.000000000000000000e+01 4.204020353106922014e-01
3.000000000000000000e+00 6.000000000000000000e+01 6.539548358564281627e-02
7.000000000000000000e+00 6.000000000000000000e+01 4.203739487599882918e-01
3.000000000000000000e+00 7.000000000000000000e+01 6.681454827674256081e-02
7.000000000000000000e+00 7.000000000000000000e+01 4.203697694998830836e-01
3.000000000000000000e+00 8.000000000000000000e+01 6.658964604020657652e-02
7.000000000000000000e+00 8.000000000000000000e+01 4.203693883156247590e-01
3.000000000000000000e+00 9.000000000000000000e+01 6.633188278435241114e-02
7.000000000000000000e+00 9.000000000000000000e+01 4.203694007457940418e-01
