3.000000000000000000e+00 1.000000000000000000e+01 1.019079027608328913e-01
7.000000000000000000e+00 1.000000000000000000e+01 3.166848535533059450e-01
3.000000000000000000e+00 2.000000000000000000e+01 4.771822067554600671e-02
7.000000000000000000e+00 2.000000000000000000e+01 3.611195674245810117e-01
3.000000000000000000e+00 3.000000000000000000e+01 5.963463517892627491e-02
7.000000000000000000e+00 3.000000000000000000e+01 1.096242671962299325e-01
3.000000000000000000e+00 4.000000000000000000e+01 6.774794037831420590e-02
7.000000000000000000e+00 4.000000000000000000e+01 1.249986319214205499e-01
3.000000000000000000e+00 5.000000000000000000e+01 5.754070193836044456e-02
7.000000000000000000e+00 5.000000000000000000e+01 1.183507266530347685e-01
3.000000000000000000e+00 6.000000000000000000e+01 6.199352587801924136e-02
7.000000000000000000e+00 6.000000000000000000e+01 1.168005891206471275e-01
3.000000000000000000e+00 7.000000000000000000e+01 6.361813264691044967e-02
7.000000000000000000e+00 7.000000000000000000e+01 1.165011987488931700e-01
3.000000000000000000e+00 8.000000000000000000e+01 6.292368600310536964e-02
7.000000000000000000e+00 8.000000000000000000e+01 1.168325862287320632e-01
3.000000000000000000e+00 9.000000000000000000e+01 6.283417103116852032e-02
7.000000000000000000e+00 9.000000000000000000e+01 1.168844579195877920e-01
