3.000000000000000000e+00 1.000000000000000000e+01 1.179659965993326426e-01
7.000000000000000000e+00 1.000000000000000000e+01 2.435567695426702206e-01
3.000000000000000000e+00 2.000000000000000000e+01 4.754619599081569281e-02
7.000000000000000000e+00 2.000000000000000000e+01 4.197776062239610972e-01
3.000000000000000000e+00 3.000000000000000000e+01 5.936974197562027572e-02
7.000000000000000000e+00 3.000000000000000000e+01 4.207305703677735598e-01
3.000000000000000000e+00 4.000000000000000000e+01 7.026306619148886545e-02
7.000000000000000000e+00 4.000000000000000000e+01 4.203824314880459934e-01
3.000000000000000000e+00 5.000000000000000000e+01 6.151345484775449374e-02
7.000000000000000000e+00 5.000000000000000000e+01 4.202581549730677879e-01
3.000000000000000000e+00 6.000000000000000000e+01 6.547908244194032557e-02
7.000000000000000000e+00 6.000000000000000000e+01 4.202330680752943692e-01
3.000000000000000000e+00 7.000000000000000000e+01 6.684001372616066305e-02
7.000000000000000000e+00 7.000000000000000000e+01 4.202295171841137766e-01
3.000000000000000000e+00 8.000000000000000000e+01 6.651716136012277014e-02
7.000000000000000000e+00 8.000000000000000000e+01 4.202292246011359866e-01
3.000000000000000000e+00 9.000000000000000000e+01 6.632596835154323800e-02
7.000000000000000000e+00 9.000000000000000000e+01 4.202292420535998496e-01
