3.000000000000000000e+00 1.000000000000000000e+01 5.909909024279930145e-01
7.000000000000000000e+00 1.000000000000000000e+01 5.988182162565071076e-01
3.000000000000000000e+00 2.000000000000000000e+01 6.166350944153045077e-01
7.000000000000000000e+00 2.000000000000000000e+01 6.086509005558106145e-01
3.000000000000000000e+00 3.000000000000000000e+01 6.188656781893330239e-01
7.000000000000000000e+00 3.000000000000000000e+01 6.094496073565297545e-01
3.000000000000000000e+00 4.000000000000000000e+01 6.190350904188225423e-01
7.000000000000000000e+00 4.000000000000000000e+01 6.095068068863600530e-01
3.000000000000000000e+00 5.000000000000000000e+01 6.190464241747573038e-01
7.000000000000000000e+00 5.000000000000000000e+01 6.095103712265553808e-01
3.000000000000000000e+00 6.000000000000000000e+01 6.190470658254342284e-01
7.000000000000000000e+00 6.000000000000000000e+01 6.095105501895138334e-01
3.000000000000000000e+00 7.000000000000000000e+01 6.190470920027556501e-01
7.000000000000000000e+00 7.000000000000000000e+01 6.095105551407236089e-01
3.000000000000000000e+00 8.000000000000000000e+01 6.190470920259740772e-01
7.000000000000000000e+00 8.000000000000000000e+01 6.095105548094268411e-01
3.000000000000000000e+00 9.000000000000000000e+01 6.190470918767526642e-01
7.000000000000000000e+00 9.000000000000000000e+01 6.095105547329514595e-01
