3.000000000000000000e+00 1.000000000000000000e+01 1.180038159096622463e-01
7.000000000000000000e+00 1.000000000000000000e+01 2.433583972139292118e-01
3.000000000000000000e+00 2.000000000000000000e+01 4.795321069702270650e-02
7.000000000000000000e+00 2.000000000000000000e+01 4.197732395769744884e-01
3.000000000000000000e+00 3.000000000000000000e+01 5.906140952354751311e-02
7.000000000000000000e+00 3.000000000000000000e+01 4.208188363133118504e-01
3.000000000000000000e+00 4.000000000000000000e+01 7.021998903022223792e-02
7.000000000000000000e+00 4.000000000000000000e+01 4.204691249764364591e-01
3.000000000000000000e+00 5.000000000000000000e+01 6.166414839613261478e-02
7.000000000000000000e+00 5.000000000000000000e+01 4.203397217232395788e-01
3.000000000000000000e+00 6.000000000000000000e+01 6.542937603858589579e-02
7.000000000000000000e+00 6.000000000000000000e+01 4.203129566753016078e-01
3.000000000000000000e+00 7.000000000000000000e+01 6.682742935205643331e-02
7.000000000000000000e+00 7.000000000000000000e+01 4.203090578277730582e-01
3.000000000000000000e+00 8.000000000000000000e+01 6.655801568409082380e-02
7.000000000000000000e+00 8.000000000000000000e+01 4.203087168828977260e-01
3.000000000000000000e+00 9.000000000000000000e+01 6.632857934687233503e-02
7.000000000000000000e+00 9.000000000000000000e+01 4.203087317474812901e-01
