3.000000000000000000e+00 1.000000000000000000e+01 4.424612884617302178e-01
7.000000000000000000e+00 1.000000000000000000e+01 1.625959053290582934e-01
3.000000000000000000e+00 2.000000000000000000e+01 7.004164445397825789e-02
7.000000000000000000e+00 2.000000000000000000e+01 2.691861821018692869e-01
3.000000000000000000e+00 3.000000000000000000e+01 2.726102194114218835e-01
7.000000000000000000e+00 3.000000000000000000e+01 7.402770932871528820e-02
3.000000000000000000e+00 4.000000000000000000e+01 8.346103802651022585e-02
7.000000000000000000e+00 4.000000000000000000e+01 2.776410124324777962e-01
3.000000000000000000e+00 5.000000000000000000e+01 5.358206483731690062e-01
7.000000000000000000e+00 5.000000000000000000e+01 2.772217418568181380e-01
3.000000000000000000e+00 6.000000000000000000e+01 5.358182108552370648e-01
7.000000000000000000e+00 6.000000000000000000e+01 2.772054757425801430e-01
3.000000000000000000e+00 7.000000000000000000e+01 5.358174205835014581e-01
7.000000000000000000e+00 7.000000000000000000e+01 7.899059226728769034e-02
3.000000000000000000e+00 8.000000000000000000e+01 5.358172868257852217e-01
7.000000000000000000e+00 8.000000000000000000e+01 2.772304326923254458e-01
3.000000000000000000e+00 9.000000000000000000e+01 5.358172693190610403e-01
7.000000000000000000e+00 9.000000000000000000e+01 2.772316404807513290e-01
